10 0.7203125 0.13046875 0.20234375 0.2609375
10 0.31796875 0.2859375 0.1109375 0.2890625
10 0.3296875 0.0671875 0.0625 0.134375
10 0.4078125 0.1203125 0.084375 0.23984375
10 0.51484375 0.09140625 0.134375 0.18203125
10 0.95625 0.1203125 0.0875 0.240625
10 0.86796875 0.13046875 0.09296875 0.2609375
10 0.234375 0.1125 0.084375 0.22421875
10 0.08671875 0.153125 0.1359375 0.30625
5 0.5015625 0.46015625 0.415625 0.78046875
10 0.72109375 0.39140625 0.15703125 0.30234375
10 0.80546875 0.40703125 0.0984375 0.32265625
2 0.171875 0.45625 0.15234375 0.65