10 0.7294357637457549 0.17662847238833704 0.22059027749150975 0.27390427667958706
10 0.3379634477900975 0.30631386335363686 0.13115071907742096 0.29617169802510174
10 0.3343857076774546 0.08831483497600676 0.07189641535490923 0.13838018198597285
10 0.4162255695619536 0.1464463124584728 0.10114650880207635 0.24525074568106336
10 0.5212354976542115 0.12439893660945131 0.14710386498659211 0.19064239126984162
10 0.95625 0.18159178438538454 0.0875 0.24623225478036198
10 0.8770920137457547 0.18609071483019787 0.11121527749150957 0.2668952082041346
10 0.24224176634364492 0.12751943244739816 0.10005390236545901 0.2296257456810633
10 0.09742629307885003 0.15868219000553732 0.15735258615770006 0.314961270819491
5 0.5337397595583809 0.49229783543743216 0.47020069150903654 0.8071032102067195
10 0.7484635412372647 0.43761603716316166 0.17817318454854564 0.31240676973975673
10 0.8339311476738821 0.458648032844225 0.1209998229161485 0.32896441162790724
2 0.20377910794922666 0.46726425046142533 0.19779617776328173 0.6597626310908089