10 0.7301988307086125 0.15981923524561448 0.22211641141722502 0.26918237600717376
10 0.3396357981398334 0.29889373372555866 0.13284134648015938 0.29358285672980183
10 0.33477866431701003 0.0806212361970166 0.07268232863402009 0.13692167984777565
10 0.41692923610255284 0.1369295860067362 0.10254927262002411 0.24328176779449712
10 0.521770101454537 0.11238452524605198 0.14816850332399234 0.18750661167271768
10 0.95625 0.15927670167096758 0.0875 0.24419035178688592
10 0.8778550807086125 0.1658357663859845 0.11274141141722502 0.2647256862735663
10 0.24289974025173774 0.12205004942915872 0.10136528091839399 0.22765676779449712
10 0.09832186867597635 0.15665851828878874 0.1591437373519527 0.31178902866891206
5 0.5364310556130105 0.4805933557783996 0.47476538549643055 0.7974041709877081
10 0.7507527421258375 0.42078856874371173 0.17994148942654498 0.3087422831175363
10 0.8363117338274677 0.43985158653820877 0.12288692863866472 0.3266672707602467
2 0.20644755768760298 0.463253369581383 0.20159780478781802 0.656207532128953