11 0.5439395682245712 0.5350909626741869 0.5008715373019923 0.820467749576477
11 0.14702599941892233 0.6115661025320139 0.0902197164795309 0.3110354815135613
10 0.0754527401126429 0.2222537025743662 0.0332820295851967 0.09764083944842143
10 0.13741179073306153 0.25153865514873236 0.04535034084927707 0.12557612364928844
10 0.19090813133023704 0.3044508235222316 0.05027278763096841 0.11808214206513998
10 0.2338222510084062 0.3061722182182074 0.024540814114071986 0.0839045631400622
10 0.2598712987788332 0.2781228129283007 0.032211202481674486 0.1045810841867496
10 0.28543402749150976 0.27649939974588617 0.03633061993027065 0.07447635523343692
10 0.3303641152386937 0.2736698023343698 0.03286141250491763 0.0804988420792574
10 0.6443991180886852 0.34720309677623185 0.039384564114071985 0.0847691131259447
10 0.6790308442034718 0.3640034599021766 0.03175238057393237 0.07576583944842144
10 0.7964422193295226 0.4074110966350576 0.029954933792241078 0.08344183155591374
10 0.8342535757661398 0.42517472028434594 0.038510478964778015 0.07226911312594489
10 0.9040197725478312 0.42145745705957915 0.06896815730913772 0.1183929552052021
10 0.7690438390076917 0.4050372545558002 0.03936813861970414 0.09566111049510884