11 0.5350842446844747 0.46692982011193573 0.4869521183834788 0.8282750134964619
11 0.13641877261277885 0.5975360055990774 0.08484082598299625 0.312240813487173
10 0.07162045171816525 0.2141916319487236 0.03159856004047974 0.09810653589277134
10 0.13312783977780618 0.2354145138974472 0.043187835255250384 0.12621988049883104
10 0.18574822874195823 0.2816257404522304 0.048247149479601646 0.11882177759440164
10 0.22867603516439336 0.27758851327274725 0.023090019221876902 0.08423329004195627
10 0.2552451792169281 0.24576982820981277 0.030404552238563552 0.10501938672260831
10 0.28086265490666856 0.2406912419021229 0.0350577527135334 0.07502423340326052
10 0.3258885498637144 0.2317889159673952 0.03147905133405242 0.08097823547785295
10 0.6389517938708206 0.26375543069003493 0.0379337692218769 0.08535808215850497
10 0.6733234718445533 0.27605359853152994 0.03045213986866315 0.07623153589277135
10 0.7900915699901023 0.30407000952454766 0.02851782564431211 0.0838664371375268
10 0.8276291915413999 0.3169126290257166 0.037278671980838854 0.07285808215850498
10 0.8975322557657511 0.3037721663683805 0.06695620590203681 0.119461317636358
10 0.7627068764125375 0.3053607450024006 0.03772572930778502 0.09623638257342346