11 0.50859375 0.50546875 0.4453125 0.79453125
11 0.1046875 0.60546875 0.06875 0.30703125
10 0.06015625 0.21875 0.0265625 0.09609375
10 0.1203125 0.24453125 0.03671875 0.1234375
10 0.1703125 0.29453125 0.0421875 0.115625
10 0.21328125 0.29375 0.01875 0.0828125
10 0.24140625 0.2640625 0.025 0.103125
10 0.2671875 0.2609375 0.03125 0.07265625
10 0.3125 0.25546875 0.02734375 0.07890625
10 0.62265625 0.3109375 0.03359375 0.0828125
10 0.65625 0.32578125 0.0265625 0.07421875
10 0.77109375 0.3625 0.02421875 0.08203125
10 0.8078125 0.378125 0.03359375 0.0703125
10 0.878125 0.3703125 0.0609375 0.11484375
10 0.74375 0.36171875 0.0328125 0.09375