8 0.5140241749222174 0.528024584357698 0.2828601022668856 0.8702972177648587
8 0.8498820340955525 0.7333464466316005 0.1317502008902089 0.3947291139719457
10 0.10557252110661364 0.4040843275747511 0.04739892572970099 0.12243500693983034
10 0.34900887540868475 0.4376732873200452 0.029679591720169363 0.09086483189368781
10 0.6886247544675221 0.5173140291435973 0.057391534495998896 0.11371084901255095
10 0.2367134269508123 0.4187452097452941 0.03558867248329012 0.07173410009228505
10 0.03612309172346466 0.39494106261535633 0.04867505357072244 0.10612888648947968
10 0.15807991234031568 0.3980636674880033 0.05584267126547413 0.1143919694629016
11 0.06344570211461571 0.6219436536083428 0.10580353530677788 0.2494771707272058
1 0.28770931656295656 0.678549808757845 0.0793404468330193 0.20876253315799218
1 0.18958546226088543 0.6542728971299377 0.08308305559931735 0.1996378570321154