8 0.49096524753598986 0.45186719407124787 0.3226394841085293 0.8749990974343229
8 0.8182625254521947 0.6077835146645537 0.14978206353820694 0.39692241061076283
10 0.08706709438907242 0.3876917054503134 0.052972410548173074 0.12323007697140156
10 0.32966560456810523 0.38576331725932594 0.033832384330011324 0.09135832363742154
10 0.6665858112310804 0.4157708420949972 0.06252788325027722 0.11468412439602602
10 0.21791657619047516 0.38322786180901247 0.03883076495939477 0.07233725666795979
10 0.022289004088223995 0.3886799916650503 0.04457800817644799 0.10695137272903601
10 0.14001162168696837 0.37404392256955654 0.061015448025101816 0.11533782863839148
11 0.046616950186876435 0.6111290765123596 0.09323390037375287 0.2512592242462448
1 0.2569640800479865 0.6349499874129865 0.08884815622923643 0.21009221924527494
1 0.15967806986895366 0.6250166201439622 0.09215362893134049 0.20103608363936126