1 0.06861432779100737 0.49898366707809033 0.12615537727791712 0.5557616503605903
11 0.5832755866247226 0.4695787221676741 0.20366866033166744 0.8667731919637154
11 0.2946858653100698 0.4831632177992711 0.34190505100552115 0.43194686312586833
5 0.6921239097629865 0.4830437697547228 0.12169904093753506 0.29720426795177096
5 0.8440533517267019 0.6700742571212854 0.11306892334635457 0.29544174620027785
11 0.8345458394745142 0.3957827719389243 0.2620532436348267 0.38948529977125024
10 0.0533289410137849 0.21128364532659724 0.03432175503399311 0.06560746941479172
10 0.15496482940652798 0.2503481049577432 0.037883166128159784 0.08443020459715278
10 0.27662162385944467 0.2438097770698266 0.03415875408406262 0.09215178561920148
10 0.08176306553881964 0.22521951196784729 0.02509222539871534 0.07163926386770836
10 0.4520950557551739 0.30177101348645874 0.04129976006798621 0.1305785059839236
10 0.9640670459488977 0.13884505375840359 0.07186590810220465 0.2337041591943056