1 0.05619279459511704 0.4969926313255913 0.11238558919023409 0.5544431466820446
11 0.5700018651487516 0.44958654125559444 0.188611628211949 0.8646363066915898
11 0.28082119048071663 0.4732625879615018 0.3344992824901162 0.428082283378407
5 0.6785319826351943 0.459260438574186 0.11655728268650804 0.2958675780155902
5 0.8251201154433392 0.6411360525541415 0.10795444232742817 0.2942050806810901
11 0.823590473461812 0.3669536652212324 0.25535668315404614 0.38653912603436213
10 0.04721484670379141 0.20959262866009123 0.03318974990180414 0.06522555800445433
10 0.1477824732654204 0.24513868264641 0.036423834210759544 0.08401192067154524
10 0.2697120154198981 0.23434553862986532 0.03256303600615764 0.09177896733768165
10 0.07526257865161466 0.2225466146562732 0.02385111133812261 0.0713664700031817
10 0.44361714803165136 0.28622456993954826 0.039035749803608154 0.13013294267186346
10 0.9633852682485685 0.11081108143700288 0.07322491832332326 0.22162216287400577