1 0.05703125 0.49765625 0.11328125 0.553125
11 0.57265625 0.45625 0.18359375 0.8625
11 0.28359375 0.4765625 0.33203125 0.42421875
5 0.68125 0.4671875 0.11484375 0.29453125
5 0.82890625 0.65078125 0.10625 0.29296875
11 0.82578125 0.3765625 0.253125 0.38359375
10 0.0484375 0.21015625 0.0328125 0.06484375
10 0.14921875 0.246875 0.0359375 0.08359375
10 0.27109375 0.2375 0.03203125 0.09140625
10 0.0765625 0.2234375 0.0234375 0.07109375
10 0.4453125 0.29140625 0.03828125 0.1296875
10 0.9640625 0.11640625 0.071875 0.23203125