1 0.7697866502214821 0.7497711655900219 0.2278953739940949 0.47532510267721795
7 0.29926311304909503 0.21693532112482355 0.28345495912698526 0.4338706422496471
11 0.13359375 0.496875 0.2671875 0.99375
1 0.3163681608619401 0.6039515198887976 0.17338024984311645 0.3674620097392328
11 0.4987567635751188 0.4368889306042603 0.3305323272609842 0.8470149163942102
10 0.8357759022240667 0.42632398296046203 0.069868816315984 0.152612531249588
10 0.9537947169988914 0.4234835807697113 0.04339715144887428 0.1170335413958579
10 0.9034943283499434 0.42904383401612217 0.04953652991878954 0.13977161201270896
7 0.6279645997877432 0.4908206797934813 0.1516041818290894 0.429511996346552
7 0.9146509623754129 0.8760046087728887 0.06876619370616517 0.19629434740221222
7 0.7457960425710578 0.6370353863690287 0.2114309623661878 0.3767103246740408