1 0.7920683495602114 0.7640625 0.2141344881039185 0.471875
7 0.30564233167368016 0.21875 0.27071930480147427 0.43671875
11 0.13359375 0.496875 0.2671875 0.99375
1 0.3341616242398008 0.61015625 0.16274062449425486 0.36484375
11 0.5117658129845406 0.44609375 0.3059723355563314 0.8421875
10 0.8486482540915332 0.44140625 0.06544892912609299 0.1515625
10 0.9666442859426987 0.440625 0.040002495823648586 0.11640625
10 0.916480594835706 0.4453125 0.04548116950744614 0.1390625
7 0.6426140197006298 0.50234375 0.13914192258748911 0.42734375
7 0.9406918441179158 0.89296875 0.06307046279135697 0.1953125
7 0.7647742179791985 0.65078125 0.2005407248570746 0.3734375