7 0.47270660086747746 0.5263827763417962 0.39028115977298067 0.6793618097156751
11 0.1765625 0.2283709605759968 0.353125 0.4567419211519936
11 0.44245071098191174 0.14481461377400953 0.23619232803617649 0.2856431050916067
5 0.8661295265319288 0.7045184293434171 0.12973277452011872 0.24519484621281204
5 0.6844556292451076 0.5393378151766242 0.0980228971299379 0.2012766745698391
10 0.684562658084163 0.37912247784260666 0.043618394509044124 0.07132100897699037
10 0.7616956570044288 0.3584696102579681 0.039050810455887944 0.08535169272021186
10 0.9141896013289028 0.35701217026823084 0.04740353099852364 0.1182005541565303
10 0.9508082217792534 0.3587882937066018 0.04933627081949084 0.13617384933607007
10 0.8541334808785521 0.35509969144366554 0.034833679826504496 0.10485112646343309
10 0.8791334808785521 0.35524513718893946 0.028503336674049962 0.11574771984757479
10 0.796771563851974 0.3477320981577197 0.03639617982650449 0.1048602168225127
10 0.8257581570044288 0.3588423149802324 0.03284038325027723 0.11030624092481371