7 0.47270660086747746 0.5234375 0.39028115977298067 0.67734375
11 0.1765625 0.22734375 0.353125 0.4546875
11 0.44245071098191174 0.1421875 0.23619232803617649 0.284375
5 0.8661295265319288 0.69921875 0.12973277452011872 0.24453125
5 0.6844556292451076 0.53515625 0.0980228971299379 0.20078125
10 0.684562658084163 0.375 0.043618394509044124 0.07109375
10 0.7616956570044288 0.35390625 0.039050810455887944 0.08515625
10 0.9141896013289028 0.3515625 0.04740353099852364 0.11796875
10 0.9508082217792534 0.353125 0.04933627081949084 0.1359375
10 0.8541334808785521 0.35 0.034833679826504496 0.1046875
10 0.8791334808785521 0.35 0.028503336674049962 0.115625
10 0.796771563851974 0.34296875 0.03639617982650449 0.1046875
10 0.8257581570044288 0.35390625 0.03284038325027723 0.11015625