0 0.9640625 0.03984375 0.07109375 0.0796875
0 0.8921875 0.06015625 0.0859375 0.1203125
0 0.8125 0.0109375 0.1078125 0.021875
0 0.946875 0.11328125 0.10625 0.1
0 0.91171875 0.1703125 0.06484375 0.05859375
0 0.86796875 0.140625 0.05078125 0.05234375
0 0.7765625 0.29453125 0.06328125 0.05234375
0 0.74921875 0.33515625 0.06015625 0.05078125
0 0.653125 0.303125 0.02734375 0.02890625
0 0.6421875 0.453125 0.08125 0.0875
0 0.60078125 0.52734375 0.03671875 0.04140625
0 0.915625 0.5421875 0.0859375 0.0875
0 0.88515625 0.58203125 0.07421875 0.05859375
0 0.5359375 0.5875 0.07421875 0.0828125
0 0.4734375 0.584375 0.06796875 0.0765625
0 0.45390625 0.6234375 0.03515625 0.04453125
0 0.5078125 0.6359375 0.06328125 0.05859375
0 0.47421875 0.66796875 0.05078125 0.05078125
0 0.428125 0.6484375 0.04921875 0.04296875
0 0.7390625 0.76328125 0.06171875 0.05078125
0 0.65625 0.81328125 0.04921875 0.05546875
0 0.63125 0.85625 0.06796875 0.06484375
0 0.40390625 0.728125 0.084375 0.1
0 0.27890625 0.84296875 0.1125 0.13984375
0 0.203125 0.8453125 0.0859375 0.090625
0 0.20625 0.453125 0.1078125 0.121875
0 0.16484375 0.50234375 0.05390625 0.06796875
0 0.15703125 0.54296875 0.03515625 0.03203125
0 0.11484375 0.55078125 0.03671875 0.03203125
0 0.1140625 0.578125 0.03515625 0.02890625
0 0.028125 0.60234375 0.04296875 0.04296875
0 0.02421875 0.6953125 0.03359375 0.03203125
0 0.0890625 0.48125 0.12734375 0.12734375
0 0.015625 0.11796875 0.03125 0.0765625
0 0.13671875 0.009375 0.0828125 0.01875
0 0.5984375 0.9609375 0.06640625 0.06796875
0 0.89765625 0.978125 0.1046875 0.04375