0 0.05625 0.04375 0.10234375 0.07109375
0 0.08359375 0.178125 0.16640625 0.16796875
0 0.1265625 0.1453125 0.13359375 0.15546875
0 0.071875 0.0140625 0.1140625 0.028125
0 0.190625 0.03125 0.12734375 0.0625
0 0.140625 0.04921875 0.096875 0.0984375
0 0.30390625 0.01640625 0.0859375 0.0328125
0 0.26171875 0.0359375 0.08046875 0.053125
0 0.26953125 0.084375 0.10078125 0.07265625
0 0.33046875 0.0578125 0.12734375 0.10859375
0 0.4234375 0.0265625 0.16328125 0.053125
0 0.4359375 0.053125 0.0625 0.05625
0 0.40234375 0.07734375 0.05625 0.065625
0 0.440625 0.1 0.065625 0.0609375
0 0.48984375 0.04375 0.053125 0.05078125
0 0.57265625 0.0359375 0.0890625 0.071875
0 0.64296875 0.02890625 0.08046875 0.0578125
0 0.6875 0.04140625 0.07421875 0.059375
0 0.70390625 0.09140625 0.0578125 0.05078125
0 0.6359375 0.084375 0.07734375 0.07890625
0 0.5875 0.071875 0.05625 0.04453125
0 0.5375 0.08203125 0.0875 0.0875
0 0.61875 0.13046875 0.0859375 0.0921875
0 0.5359375 0.18046875 0.12890625 0.1734375
0 0.41640625 0.14921875 0.1234375 0.10078125
0 0.4546875 0.20859375 0.09375 0.0875
0 0.35078125 0.1796875 0.1171875 0.09609375
0 0.378125 0.22265625 0.0921875 0.07265625
0 0.28125 0.1609375 0.08046875 0.0546875
0 0.22421875 0.21640625 0.13203125 0.0890625
0 0.22578125 0.13515625 0.12578125 0.10234375
0 0.31171875 0.253125 0.07265625 0.07421875
0 0.37578125 0.26484375 0.084375 0.0640625
0 0.38046875 0.3140625 0.07421875 0.0609375
0 0.45390625 0.34453125 0.06953125 0.07578125
0 0.415625 0.37109375 0.059375 0.04296875
0 0.41171875 0.340625 0.05078125 0.04765625
0 0.35703125 0.3953125 0.07734375 0.084375
0 0.42421875 0.4609375 0.053125 0.0609375
0 0.496875 0.43203125 0.13203125 0.13828125
0 0.534375 0.31953125 0.07265625 0.08046875
0 0.66953125 0.15703125 0.084375 0.0890625
0 0.7203125 0.19375 0.07421875 0.07734375
0 0.7296875 0.14296875 0.0625 0.05078125
0 0.784375 0.1453125 0.04765625 0.053125
0 0.85859375 0.09921875 0.1171875 0.10859375
0 0.934375 0.1234375 0.065625 0.10859375
0 0.91640625 0.1796875 0.07109375 0.07890625
0 0.8421875 0.1515625 0.10703125 0.0859375
0 0.8546875 0.2203125 0.09609375 0.07421875
0 0.79375 0.18671875 0.065625 0.0859375
0 0.7703125 0.2484375 0.1125 0.10390625
0 0.65546875 0.2328125 0.03984375 0.03984375
0 0.60546875 0.3234375 0.0890625 0.1125
0 0.6796875 0.27265625 0.07890625 0.053125
0 0.6390625 0.2859375 0.05078125 0.0546875
0 0.69140625 0.31953125 0.0921875 0.06796875
0 0.9625 0.24140625 0.07421875 0.1109375
0 0.9875 0.33828125 0.025 0.07578125
0 0.95 0.30234375 0.08046875 0.10234375
0 0.88125 0.275 0.11875 0.07421875
0 0.87109375 0.340625 0.07265625 0.0875
0 0.8203125 0.34453125 0.06953125 0.10546875
0 0.72890625 0.37890625 0.13671875 0.090625
0 0.75546875 0.31171875 0.0921875 0.1125
0 0.603125 0.38359375 0.0609375 0.07109375
0 0.97265625 0.41796875 0.03828125 0.0578125
0 0.896875 0.396875 0.10078125 0.09765625
0 0.86875 0.44453125 0.0875 0.084375
0 0.91953125 0.48671875 0.07578125 0.07578125
0 0.7515625 0.45390625 0.0578125 0.065625
0 0.8 0.47421875 0.07890625 0.08046875
0 0.8421875 0.49453125 0.07734375 0.08046875
0 0.8765625 0.54140625 0.09609375 0.059375
0 0.8734375 0.58828125 0.13359375 0.07109375
0 0.6421875 0.4375 0.06953125 0.059375
0 0.69375 0.44375 0.10078125 0.0625
0 0.634375 0.5046875 0.1171875 0.0859375
0 0.6 0.5625 0.1171875 0.11875
0 0.725 0.51171875 0.08046875 0.065625
0 0.7046875 0.55859375 0.10234375 0.09375
0 0.66171875 0.6234375 0.10859375 0.121875
0 0.7890625 0.6 0.07578125 0.05078125
0 0.78125 0.5453125 0.090625 0.07734375
0 0.725 0.64609375 0.07109375 0.09375
0 0.76328125 0.6734375 0.09375 0.121875
0 0.89765625 0.67578125 0.07890625 0.04453125
0 0.86953125 0.63125 0.121875 0.084375
0 0.81015625 0.69921875 0.065625 0.07734375
0 0.84453125 0.7234375 0.10234375 0.12734375
0 0.90546875 0.75234375 0.1171875 0.121875
0 0.05859375 0.53828125 0.0640625 0.04296875
0 0.01875 0.56640625 0.0375 0.0609375
0 0.20625 0.61171875 0.0890625 0.1109375
0 0.025 0.69296875 0.04921875 0.09609375
0 0.09609375 0.665625 0.10859375 0.1203125
0 0.0234375 0.73359375 0.04609375 0.0640625
0 0.03203125 0.790625 0.0640625 0.0625
0 0.0609375 0.76015625 0.0359375 0.0640625
0 0.090625 0.79921875 0.06953125 0.04453125
0 0.190625 0.7015625 0.0609375 0.0890625
0 0.121875 0.73203125 0.12578125 0.09375
0 0.05625 0.85234375 0.0859375 0.090625
0 0.1109375 0.8328125 0.04296875 0.07734375
0 0.18046875 0.80078125 0.084375 0.0609375
0 0.2828125 0.7109375 0.10390625 0.1125
0 0.2265625 0.7390625 0.08046875 0.06953125
0 0.2609375 0.80078125 0.0890625 0.12734375
0 0.19296875 0.8671875 0.07578125 0.12734375
0 0.1453125 0.9203125 0.0921875 0.14375
0 0.38515625 0.6484375 0.0875 0.06953125
0 0.34140625 0.6921875 0.0890625 0.06796875
0 0.3296875 0.753125 0.0890625 0.084375
0 0.30546875 0.8359375 0.07578125 0.084375
0 0.234375 0.8875 0.05625 0.0625
0 0.22734375 0.95078125 0.0890625 0.0625
0 0.16796875 0.97265625 0.0625 0.0546875
0 0.275 0.98828125 0.07734375 0.0234375
0 0.29140625 0.91796875 0.090625 0.09765625
0 0.35625 0.85703125 0.05625 0.0546875
0 0.36640625 0.80234375 0.07265625 0.04609375
0 0.38359375 0.83984375 0.03828125 0.04609375
0 0.41640625 0.85625 0.0578125 0.07578125
0 0.44453125 0.69765625 0.0875 0.10546875
0 0.52265625 0.68515625 0.07734375 0.07578125
0 0.5015625 0.75234375 0.07265625 0.05625
0 0.5703125 0.71875 0.084375 0.05078125
0 0.59296875 0.77578125 0.04765625 0.065625
0 0.5453125 0.7765625 0.04765625 0.0640625
0 0.65703125 0.7671875 0.0890625 0.07578125
0 0.51015625 0.85703125 0.07890625 0.10390625
0 0.42890625 0.91796875 0.09921875 0.10390625
0 0.48203125 0.9390625 0.07578125 0.09609375
0 0.34765625 0.96328125 0.1078125 0.0734375
0 0.41015625 0.96484375 0.0859375 0.0703125
0 0.43125 0.99296875 0.071875 0.0140625
0 0.48515625 0.97578125 0.07890625 0.04765625
0 0.525 0.9109375 0.0625 0.05625
0 0.5296875 0.959375 0.09921875 0.07109375
0 0.56328125 0.85703125 0.084375 0.06796875
0 0.61640625 0.8140625 0.084375 0.07109375
0 0.66640625 0.81953125 0.065625 0.07109375
0 0.62109375 0.890625 0.0875 0.10078125
0 0.66328125 0.865625 0.07890625 0.0609375
0 0.76328125 0.78359375 0.10390625 0.1125
0 0.74921875 0.85625 0.059375 0.07890625
0 0.715625 0.9015625 0.07421875 0.10703125
0 0.690625 0.9453125 0.10390625 0.0921875
0 0.5859375 0.95390625 0.0625 0.0921875
0 0.6375 0.96796875 0.09375 0.0640625
0 0.5359375 0.9859375 0.121875 0.028125
0 0.76015625 0.94453125 0.0640625 0.10390625
0 0.8484375 0.8296875 0.0625 0.0859375
0 0.80390625 0.8546875 0.05625 0.0890625
0 0.9703125 0.7609375 0.059375 0.2078125
0 0.9296875 0.8140625 0.1203125 0.07734375
0 0.9359375 0.88125 0.065625 0.065625
0 0.871875 0.896875 0.0609375 0.07734375
0 0.9703125 0.8703125 0.059375 0.10390625
0 0.9109375 0.92734375 0.04609375 0.0859375
0 0.828125 0.93828125 0.1125 0.084375
0 0.9296875 0.9890625 0.1140625 0.02109375
0 0.9 0.934375 0.04765625 0.0890625
0 0.96796875 0.934375 0.0640625 0.12578125
0 0.7328125 0.98203125 0.09921875 0.0359375
0 0.66484375 0.99296875 0.0671875 0.0140625
0 0.8421875 0.98046875 0.075 0.0390625