0 0.90859375 0.009375 0.06328125 0.01875
0 0.9453125 0.06796875 0.1 0.1046875
0 0.8890625 0.11953125 0.05390625 0.04921875
0 0.90859375 0.16953125 0.06953125 0.07578125
0 0.965625 0.16015625 0.06796875 0.1015625
0 0.97734375 0.203125 0.0453125 0.053125
0 0.9828125 0.25625 0.034375 0.090625
0 0.9390625 0.33203125 0.04609375 0.04140625
0 0.9109375 0.27734375 0.1 0.06796875
0 0.921875 0.22109375 0.04921875 0.04609375
0 0.85234375 0.22109375 0.07734375 0.096875
0 0.840625 0.1421875 0.05859375 0.05703125
0 0.8375 0.09140625 0.08984375 0.06015625
0 0.87109375 0.04453125 0.05859375 0.06953125
0 0.8109375 0.046875 0.06796875 0.06171875
0 0.81484375 0.01328125 0.08515625 0.0265625
0 0.74609375 0.0453125 0.06796875 0.08984375
0 0.61328125 0.0234375 0.03671875 0.04140625
0 0.66796875 0.03203125 0.07578125 0.06328125
0 0.675 0.09453125 0.08046875 0.07734375
0 0.6578125 0.234375 0.08359375 0.0953125
0 0.58984375 0.2078125 0.07265625 0.08359375
0 0.53984375 0.2125 0.05703125 0.04296875
0 0.5046875 0.1359375 0.05703125 0.06328125
0 0.390625 0.10625 0.1203125 0.09140625
0 0.28515625 0.04375 0.0984375 0.08671875
0 0.36015625 0.03203125 0.1125 0.06328125
0 0.225 0.01328125 0.07265625 0.0265625
0 0.23671875 0.0734375 0.06796875 0.08046875
0 0.3515625 0.18359375 0.07578125 0.07265625
0 0.3953125 0.25703125 0.1265625 0.1
0 0.44765625 0.28828125 0.07265625 0.08515625
0 0.49609375 0.30234375 0.05546875 0.09140625
0 0.4640625 0.35546875 0.04921875 0.06796875
0 0.54921875 0.25625 0.05703125 0.05390625
0 0.59140625 0.278125 0.06015625 0.06953125
0 0.428125 0.42109375 0.05234375 0.06953125
0 0.265625 0.440625 0.08203125 0.06796875
0 0.1890625 0.43125 0.04921875 0.05859375
0 0.15078125 0.45546875 0.06796875 0.07265625
0 0.15703125 0.38359375 0.06953125 0.04296875
0 0.1296875 0.321875 0.06640625 0.07734375
0 0.0984375 0.278125 0.08828125 0.0953125
0 0.16953125 0.2859375 0.05078125 0.04609375
0 0.1671875 0.23515625 0.06484375 0.05859375
0 0.11640625 0.21015625 0.07734375 0.06015625
0 0.03828125 0.2078125 0.06640625 0.096875
0 0.01875 0.2203125 0.0375 0.115625
0 0.08671875 0.41328125 0.08828125 0.06640625
0 0.06875 0.49296875 0.1125 0.125
0 0.140625 0.5515625 0.08203125 0.08359375
0 0.0734375 0.578125 0.1125 0.08046875
0 0.01171875 0.54921875 0.0234375 0.1078125
0 0.11015625 0.81015625 0.04921875 0.06328125
0 0.2640625 0.70546875 0.05390625 0.04140625
0 0.28203125 0.65234375 0.1015625 0.096875
0 0.37265625 0.6125 0.125 0.1171875
0 0.4515625 0.5890625 0.04609375 0.04921875
0 0.51171875 0.5953125 0.103125 0.0984375
0 0.45078125 0.6421875 0.04140625 0.05390625
0 0.3828125 0.7 0.1265625 0.096875
0 0.428125 0.76171875 0.07109375 0.16015625
0 0.3546875 0.790625 0.1046875 0.10625
0 0.50234375 0.7765625 0.121875 0.1484375
0 0.57265625 0.74296875 0.04140625 0.04609375
0 0.59453125 0.70390625 0.03359375 0.03203125
0 0.5765625 0.678125 0.04609375 0.04609375
0 0.746875 0.3484375 0.03515625 0.03515625
0 0.64921875 0.38984375 0.03984375 0.03671875
0 0.8859375 0.3859375 0.08515625 0.09140625
0 0.95546875 0.4421875 0.08828125 0.140625
0 0.45703125 0.87890625 0.05078125 0.04609375
0 0.5375 0.85703125 0.06171875 0.05546875
0 0.54765625 0.896875 0.05390625 0.04140625
0 0.38125 0.90234375 0.06015625 0.1125
0 0.32265625 0.89296875 0.1015625 0.121875
0 0.225 0.80625 0.07265625 0.128125
0 0.27890625 0.8265625 0.08359375 0.134375
0 0.27109375 0.940625 0.04921875 0.07421875
0 0.215625 0.9375 0.10625 0.1
0 0.159375 0.95390625 0.14375 0.09140625
0 0.81015625 0.96484375 0.1203125 0.06953125
0 0.71015625 0.94453125 0.06015625 0.07578125
0 0.7421875 0.96640625 0.05390625 0.06640625
0 0.96953125 0.940625 0.0609375 0.10625
0 0.65703125 0.8078125 0.04453125 0.03671875