0 0.93828125 0.04609375 0.10390625 0.0921875
0 0.8796875 0.09140625 0.05625 0.05078125
0 0.89921875 0.14375 0.07265625 0.07890625
0 0.96171875 0.13359375 0.07578125 0.10546875
0 0.9734375 0.1796875 0.053125 0.05625
0 0.9796875 0.234375 0.040625 0.09375
0 0.93125 0.31328125 0.04765625 0.04296875
0 0.9015625 0.25625 0.10390625 0.07109375
0 0.91328125 0.196875 0.05078125 0.04765625
0 0.840625 0.196875 0.08046875 0.10078125
0 0.82890625 0.115625 0.0609375 0.059375
0 0.82578125 0.0625 0.09375 0.0625
0 0.8609375 0.025 0.0609375 0.04921875
0 0.79765625 0.02421875 0.07109375 0.04765625
0 0.73046875 0.03046875 0.07109375 0.0609375
0 0.5921875 0.00625 0.0375 0.0125
0 0.6484375 0.01640625 0.07890625 0.0328125
0 0.65625 0.06484375 0.084375 0.08046875
0 0.6375 0.2109375 0.0875 0.09921875
0 0.56796875 0.184375 0.07578125 0.0875
0 0.51484375 0.1890625 0.059375 0.04453125
0 0.47890625 0.10859375 0.059375 0.065625
0 0.359375 0.07734375 0.12578125 0.09609375
0 0.24921875 0.02890625 0.10234375 0.0578125
0 0.32734375 0.01640625 0.1171875 0.0328125
0 0.19921875 0.04375 0.07109375 0.084375
0 0.31875 0.15859375 0.07890625 0.07578125
0 0.36484375 0.23515625 0.13203125 0.10390625
0 0.41953125 0.2671875 0.07578125 0.0890625
0 0.46953125 0.28203125 0.0578125 0.09609375
0 0.43671875 0.3375 0.05078125 0.07109375
0 0.525 0.234375 0.059375 0.05625
0 0.56953125 0.2578125 0.0625 0.07265625
0 0.3984375 0.40625 0.0546875 0.07265625
0 0.2296875 0.4265625 0.0859375 0.07109375
0 0.14921875 0.41640625 0.05078125 0.0609375
0 0.109375 0.4421875 0.07109375 0.07578125
0 0.115625 0.3671875 0.07265625 0.04453125
0 0.0875 0.303125 0.06953125 0.08046875
0 0.0546875 0.2578125 0.0921875 0.09921875
0 0.12890625 0.26484375 0.053125 0.04765625
0 0.1265625 0.21171875 0.06796875 0.0609375
0 0.0734375 0.18671875 0.08046875 0.0625
0 0.01328125 0.184375 0.0265625 0.10078125
0 0.04453125 0.39765625 0.0890625 0.06953125
0 0.04140625 0.48125 0.0828125 0.13046875
0 0.09921875 0.5421875 0.0859375 0.0875
0 0.04375 0.5703125 0.0875 0.084375
0 0.0671875 0.81171875 0.05078125 0.065625
0 0.22734375 0.703125 0.05625 0.04296875
0 0.24609375 0.64765625 0.10546875 0.10078125
0 0.340625 0.60546875 0.13046875 0.121875
0 0.4234375 0.58203125 0.04765625 0.05078125
0 0.4859375 0.5875 0.10703125 0.10234375
0 0.42265625 0.63671875 0.04296875 0.05625
0 0.3515625 0.696875 0.13203125 0.10078125
0 0.3984375 0.76171875 0.07421875 0.16640625
0 0.321875 0.79140625 0.10859375 0.1109375
0 0.47578125 0.77734375 0.12734375 0.15546875
0 0.54921875 0.74140625 0.04296875 0.04765625
0 0.571875 0.7015625 0.034375 0.0328125
0 0.55390625 0.67421875 0.04765625 0.04765625
0 0.73125 0.3296875 0.0359375 0.0359375
0 0.6296875 0.3734375 0.04140625 0.03828125
0 0.8765625 0.36953125 0.0890625 0.09609375
0 0.9515625 0.428125 0.096875 0.146875
0 0.42890625 0.88359375 0.053125 0.04765625
0 0.5125 0.8609375 0.0640625 0.0578125
0 0.5234375 0.90234375 0.05625 0.04296875
0 0.35 0.90859375 0.0625 0.1171875
0 0.2890625 0.8984375 0.10546875 0.12734375
0 0.18671875 0.8078125 0.07578125 0.13359375
0 0.24375 0.82890625 0.0875 0.140625
0 0.23515625 0.94765625 0.05078125 0.07734375
0 0.17734375 0.94453125 0.1109375 0.10390625
0 0.11796875 0.95703125 0.15 0.0859375
0 0.796875 0.96875 0.12578125 0.0625
0 0.69296875 0.95234375 0.0625 0.07890625
0 0.72578125 0.9703125 0.05625 0.059375
0 0.965625 0.9453125 0.06875 0.10625
0 0.63671875 0.809375 0.04609375 0.03828125