0 0.078125 0.9609375 0.103125 0.071875
0 0.10390625 0.825 0.171875 0.1703125
0 0.14921875 0.85859375 0.13515625 0.15703125
0 0.09453125 0.98828125 0.11484375 0.0234375
0 0.0140625 0.87421875 0.028125 0.0953125
0 0.2140625 0.97109375 0.128125 0.0578125
0 0.1640625 0.95234375 0.0984375 0.0953125
0 0.00703125 0.96171875 0.01328125 0.0765625
0 0.328125 0.9859375 0.08671875 0.028125
0 0.2859375 0.96796875 0.08203125 0.053125
0 0.29453125 0.9203125 0.1015625 0.0734375
0 0.3546875 0.94609375 0.128125 0.1078125
0 0.44921875 0.97578125 0.16484375 0.0484375
0 0.46171875 0.9515625 0.06328125 0.05703125
0 0.428125 0.9265625 0.05703125 0.06640625
0 0.46640625 0.90390625 0.06640625 0.06171875
0 0.51640625 0.9609375 0.053125 0.0515625
0 0.6 0.965625 0.08984375 0.06796875
0 0.67109375 0.9734375 0.08203125 0.053125
0 0.715625 0.96328125 0.075 0.06015625
0 0.7328125 0.9125 0.05859375 0.0515625
0 0.6640625 0.9203125 0.078125 0.0796875
0 0.61484375 0.9328125 0.05703125 0.0453125
0 0.5640625 0.92265625 0.08828125 0.08828125
0 0.646875 0.8734375 0.08671875 0.09296875
0 0.56328125 0.82265625 0.1296875 0.175
0 0.4421875 0.85390625 0.125 0.1015625
0 0.48046875 0.79453125 0.0953125 0.08828125
0 0.37578125 0.8234375 0.11796875 0.096875
0 0.403125 0.7796875 0.09296875 0.0734375
0 0.30546875 0.8421875 0.08203125 0.0546875
0 0.2484375 0.78671875 0.13359375 0.08984375
0 0.25 0.86796875 0.1265625 0.103125
0 0.33671875 0.74921875 0.0734375 0.075
0 0.40078125 0.7375 0.08515625 0.06484375
0 0.40546875 0.6875 0.075 0.06171875
0 0.4796875 0.65703125 0.0703125 0.0765625
0 0.44140625 0.6296875 0.06015625 0.04296875
0 0.4375 0.6609375 0.0515625 0.0484375
0 0.3828125 0.60546875 0.078125 0.08515625
0 0.45 0.5390625 0.053125 0.06171875
0 0.5234375 0.56796875 0.13359375 0.13984375
0 0.56171875 0.6828125 0.0734375 0.08203125
0 0.69765625 0.846875 0.08515625 0.08984375
0 0.74921875 0.809375 0.075 0.078125
0 0.75859375 0.8609375 0.06328125 0.0515625
0 0.8140625 0.85859375 0.0484375 0.053125
0 0.8890625 0.9046875 0.11796875 0.11015625
0 0.96484375 0.8796875 0.06640625 0.11015625
0 0.94765625 0.8234375 0.071875 0.0796875
0 0.87265625 0.8515625 0.10859375 0.08671875
0 0.88515625 0.7828125 0.096875 0.075
0 0.8234375 0.81640625 0.06640625 0.08671875
0 0.8 0.75390625 0.11328125 0.1046875
0 0.68359375 0.7703125 0.03984375 0.03984375
0 0.63359375 0.678125 0.08984375 0.11328125
0 0.70859375 0.7296875 0.0796875 0.053125
0 0.6671875 0.715625 0.0515625 0.0546875
0 0.7203125 0.6828125 0.09296875 0.06796875
0 0.978125 0.7609375 0.04296875 0.11171875
0 0.96953125 0.7 0.0609375 0.103125
0 0.91171875 0.72734375 0.1203125 0.075
0 0.9015625 0.6609375 0.0734375 0.08828125
0 0.85 0.65703125 0.0703125 0.10703125
0 0.7578125 0.62265625 0.13828125 0.09140625
0 0.78515625 0.68984375 0.09296875 0.11328125
0 0.63046875 0.6171875 0.06171875 0.071875
0 0.9921875 0.5828125 0.01484375 0.05859375
0 0.92734375 0.60390625 0.1015625 0.0984375
0 0.89921875 0.55546875 0.08828125 0.08515625
0 0.95 0.51328125 0.0765625 0.0765625
0 0.78046875 0.546875 0.05859375 0.06640625
0 0.8296875 0.52578125 0.0796875 0.08203125
0 0.87265625 0.50546875 0.078125 0.08203125
0 0.90703125 0.45859375 0.096875 0.06015625
0 0.90390625 0.4109375 0.13515625 0.071875
0 0.6703125 0.56328125 0.0703125 0.06015625
0 0.72265625 0.55703125 0.1015625 0.06328125
0 0.6625 0.4953125 0.11796875 0.08671875
0 0.62734375 0.43671875 0.11796875 0.1203125
0 0.75390625 0.48828125 0.08203125 0.06640625
0 0.73359375 0.440625 0.103125 0.0953125
0 0.68984375 0.375 0.11015625 0.1234375
0 0.81796875 0.39921875 0.0765625 0.0515625
0 0.8109375 0.45390625 0.09140625 0.078125
0 0.75390625 0.35234375 0.071875 0.0953125
0 0.7921875 0.325 0.0953125 0.1234375
0 0.928125 0.32265625 0.0796875 0.0453125
0 0.9 0.3671875 0.1234375 0.08515625
0 0.83984375 0.29921875 0.06640625 0.078125
0 0.875 0.27421875 0.103125 0.128125
0 0.9359375 0.2453125 0.11796875 0.1234375
0 0.08046875 0.46171875 0.06484375 0.04296875
0 0.0328125 0.4328125 0.0546875 0.06171875
0 0.2296875 0.3875 0.08984375 0.11171875
0 0.0359375 0.3046875 0.071875 0.096875
0 0.11796875 0.3328125 0.11015625 0.121875
0 0.0375 0.2640625 0.06171875 0.06484375
0 0.0515625 0.20703125 0.0703125 0.06328125
0 0.08359375 0.2375 0.03671875 0.06484375
0 0.11328125 0.19765625 0.0703125 0.0453125
0 0.2140625 0.296875 0.06171875 0.08984375
0 0.1453125 0.265625 0.1265625 0.0953125
0 0.078125 0.14453125 0.08671875 0.09140625
0 0.13359375 0.1640625 0.04296875 0.078125
0 0.20390625 0.19609375 0.08515625 0.06171875
0 0.3078125 0.28671875 0.1046875 0.11328125
0 0.25078125 0.25859375 0.08203125 0.0703125
0 0.28515625 0.19609375 0.08984375 0.128125
0 0.21640625 0.12890625 0.0765625 0.128125
0 0.16796875 0.07578125 0.09296875 0.1453125
0 0.4109375 0.35 0.08828125 0.0703125
0 0.36640625 0.30546875 0.08984375 0.06796875
0 0.3546875 0.24453125 0.08984375 0.08515625
0 0.3296875 0.1609375 0.0765625 0.08515625
0 0.25859375 0.10859375 0.05703125 0.06328125
0 0.2515625 0.0453125 0.08984375 0.06328125
0 0.19140625 0.025 0.06328125 0.05
0 0.29921875 0.009375 0.078125 0.01796875
0 0.315625 0.07734375 0.09140625 0.0984375
0 0.38203125 0.1390625 0.05703125 0.0546875
0 0.39140625 0.1953125 0.0734375 0.046875
0 0.409375 0.15703125 0.03828125 0.046875
0 0.4421875 0.13984375 0.05859375 0.0765625
0 0.47109375 0.3 0.08828125 0.10703125
0 0.54921875 0.31328125 0.078125 0.0765625
0 0.528125 0.2453125 0.0734375 0.05703125
0 0.59765625 0.27890625 0.08515625 0.0515625
0 0.62109375 0.221875 0.0484375 0.06640625
0 0.57265625 0.22109375 0.0484375 0.06484375
0 0.68515625 0.2296875 0.08984375 0.0765625
0 0.53671875 0.1390625 0.0796875 0.1046875
0 0.4546875 0.07734375 0.1 0.1046875
0 0.50859375 0.05703125 0.0765625 0.096875
0 0.3734375 0.034375 0.11015625 0.06796875
0 0.43671875 0.0328125 0.08671875 0.06484375
0 0.51171875 0.021875 0.0796875 0.04296875
0 0.5515625 0.08515625 0.06328125 0.05703125
0 0.55703125 0.0359375 0.1 0.071875
0 0.590625 0.1390625 0.08515625 0.06796875
0 0.64453125 0.1828125 0.08515625 0.071875
0 0.6953125 0.17734375 0.06640625 0.071875
0 0.64921875 0.10546875 0.08828125 0.1015625
0 0.69140625 0.13046875 0.0796875 0.06171875
0 0.7921875 0.21328125 0.1046875 0.11328125
0 0.778125 0.13984375 0.06015625 0.0796875
0 0.74453125 0.09453125 0.075 0.10859375
0 0.71953125 0.05 0.1046875 0.09296875
0 0.61328125 0.04453125 0.06328125 0.08828125
0 0.66484375 0.03046875 0.0953125 0.0609375
0 0.56328125 0.01171875 0.1234375 0.0234375
0 0.7890625 0.0515625 0.06484375 0.103125
0 0.878125 0.16640625 0.06328125 0.08671875
0 0.83359375 0.14140625 0.05703125 0.08984375
0 0.9859375 0.23671875 0.028125 0.21015625
0 0.95 0.1828125 0.1 0.078125
0 0.96640625 0.11484375 0.06640625 0.06640625
0 0.90234375 0.09921875 0.06171875 0.078125
0 0.9859375 0.12578125 0.028125 0.1046875
0 0.94140625 0.06796875 0.046875 0.08671875
0 0.85859375 0.0578125 0.11328125 0.08515625
0 0.9515625 0.00859375 0.096875 0.01640625
0 0.93046875 0.06171875 0.0484375 0.08984375
0 0.9828125 0.0625 0.034375 0.125
0 0.7609375 0.01640625 0.1 0.0328125
0 0.87265625 0.0171875 0.0765625 0.034375