0 0.1 0.01171875 0.0625 0.0234375
0 0.06328125 0.071875 0.0984375 0.103125
0 0.11875 0.12265625 0.053125 0.0484375
0 0.1 0.171875 0.06875 0.075
0 0.03828125 0.1625 0.0765625 0.1
0 0.02734375 0.20625 0.0546875 0.053125
0 0.021875 0.25859375 0.04375 0.0890625
0 0.06953125 0.3328125 0.0453125 0.040625
0 0.09765625 0.27890625 0.0984375 0.0671875
0 0.08671875 0.22265625 0.0484375 0.0453125
0 0.15546875 0.22265625 0.0765625 0.0953125
0 0.16640625 0.1453125 0.0578125 0.05625
0 0.16953125 0.0953125 0.0890625 0.059375
0 0.13671875 0.0484375 0.0578125 0.06875
0 0.19609375 0.05078125 0.0671875 0.0609375
0 0.1921875 0.015625 0.084375 0.03125
0 0.26015625 0.04921875 0.0671875 0.0890625
0 0.39140625 0.028125 0.0359375 0.040625
0 0.3375 0.03359375 0.075 0.0671875
0 0.33046875 0.09765625 0.0796875 0.0765625
0 0.34765625 0.2359375 0.0828125 0.09375
0 0.4140625 0.21015625 0.071875 0.0828125
0 0.4640625 0.21484375 0.05625 0.0421875
0 0.4984375 0.1390625 0.05625 0.0625
0 0.6109375 0.109375 0.11875 0.090625
0 0.715625 0.0453125 0.096875 0.090625
0 0.64140625 0.03359375 0.1109375 0.0671875
0 0.775 0.015625 0.071875 0.03125
0 0.76328125 0.07734375 0.0671875 0.0796875
0 0.65 0.1859375 0.075 0.071875
0 0.60625 0.25859375 0.125 0.0984375
0 0.5546875 0.2890625 0.071875 0.084375
0 0.50703125 0.303125 0.0546875 0.090625
0 0.53828125 0.35546875 0.0484375 0.0671875
0 0.4546875 0.2578125 0.05625 0.053125
0 0.4125 0.2796875 0.059375 0.06875
0 0.57421875 0.4203125 0.0515625 0.06875
0 0.734375 0.43984375 0.08125 0.0671875
0 0.81015625 0.43046875 0.0484375 0.0578125
0 0.84765625 0.4546875 0.0671875 0.071875
0 0.8421875 0.38359375 0.06875 0.0421875
0 0.86875 0.32265625 0.065625 0.0765625
0 0.9 0.2796875 0.0875 0.09375
0 0.8296875 0.28671875 0.05 0.0453125
0 0.83203125 0.23671875 0.0640625 0.0578125
0 0.88203125 0.2125 0.0765625 0.059375
0 0.959375 0.21015625 0.065625 0.0953125
0 0.98046875 0.22265625 0.0390625 0.1140625
0 0.9109375 0.4125 0.0875 0.065625
0 0.92890625 0.49140625 0.1109375 0.1234375
0 0.8578125 0.54921875 0.08125 0.0828125
0 0.92421875 0.57578125 0.1109375 0.0796875
0 0.98671875 0.546875 0.0265625 0.10625
0 0.88828125 0.8046875 0.0484375 0.0625
0 0.7359375 0.7015625 0.053125 0.040625
0 0.71875 0.64921875 0.1 0.0953125
0 0.62890625 0.609375 0.1234375 0.115625
0 0.55078125 0.58671875 0.0453125 0.0484375
0 0.49140625 0.5921875 0.1015625 0.096875
0 0.5515625 0.6390625 0.040625 0.053125
0 0.61875 0.69609375 0.125 0.0953125
0 0.57421875 0.75703125 0.0703125 0.1578125
0 0.646875 0.78515625 0.103125 0.1046875
0 0.50078125 0.771875 0.1203125 0.146875
0 0.43125 0.73828125 0.040625 0.0453125
0 0.41015625 0.7 0.0328125 0.03125
0 0.42734375 0.67421875 0.0453125 0.0453125
0 0.259375 0.3484375 0.034375 0.034375
0 0.35546875 0.38984375 0.0390625 0.0359375
0 0.121875 0.3859375 0.084375 0.090625
0 0.0484375 0.44140625 0.096875 0.1390625
0 0.5453125 0.87265625 0.05 0.0453125
0 0.46640625 0.85078125 0.0609375 0.0546875
0 0.45625 0.890625 0.053125 0.040625
0 0.6203125 0.89609375 0.059375 0.1109375
0 0.678125 0.88671875 0.1 0.1203125
0 0.775 0.80078125 0.071875 0.1265625
0 0.72109375 0.82109375 0.0828125 0.1328125
0 0.72890625 0.93359375 0.0484375 0.0734375
0 0.78359375 0.93046875 0.1046875 0.0984375
0 0.83984375 0.95078125 0.1421875 0.0984375
0 0.196875 0.96015625 0.11875 0.0734375
0 0.2953125 0.9375 0.059375 0.075
0 0.2640625 0.96015625 0.053125 0.0671875
0 0.03515625 0.93359375 0.0703125 0.1046875
0 0.3484375 0.80234375 0.04375 0.0359375