0 0.9671875 0.04140625 0.06484375 0.08203125
0 0.8984375 0.06171875 0.08515625 0.1234375
0 0.81953125 0.0125 0.1078125 0.025
0 0.95 0.11640625 0.1 0.1
0 0.91875 0.1734375 0.06484375 0.05859375
0 0.875 0.14296875 0.05078125 0.05234375
0 0.78359375 0.296875 0.06328125 0.05234375
0 0.75625 0.33671875 0.06015625 0.05078125
0 0.6609375 0.30546875 0.0265625 0.028125
0 0.64921875 0.4546875 0.08046875 0.08671875
0 0.60859375 0.528125 0.03671875 0.04140625
0 0.92265625 0.54375 0.08515625 0.08671875
0 0.89140625 0.5828125 0.07421875 0.05859375
0 0.54375 0.58828125 0.07421875 0.08203125
0 0.48203125 0.58515625 0.06796875 0.07578125
0 0.46171875 0.625 0.03515625 0.04453125
0 0.515625 0.63671875 0.06328125 0.05859375
0 0.4828125 0.66953125 0.05078125 0.05078125
0 0.4359375 0.64921875 0.04921875 0.04296875
0 0.74609375 0.7640625 0.06171875 0.05078125
0 0.6640625 0.8140625 0.04921875 0.05546875
0 0.63828125 0.85703125 0.06796875 0.06484375
0 0.4125 0.72890625 0.08359375 0.1
0 0.2875 0.84296875 0.1125 0.1390625
0 0.21171875 0.84609375 0.08515625 0.08984375
0 0.21484375 0.4546875 0.1078125 0.121875
0 0.17421875 0.50390625 0.05390625 0.06796875
0 0.16640625 0.54453125 0.03515625 0.03203125
0 0.12421875 0.55234375 0.03671875 0.03203125
0 0.1234375 0.57890625 0.03515625 0.028125
0 0.0375 0.60390625 0.04296875 0.04296875
0 0.034375 0.69609375 0.03359375 0.03203125
0 0.0984375 0.4828125 0.1265625 0.1265625
0 0.0203125 0.12109375 0.040625 0.0765625
0 0.1453125 0.0109375 0.08203125 0.021875
0 0.60625 0.9609375 0.06640625 0.06796875
0 0.90390625 0.978125 0.1046875 0.04375