0 0.41015625 0.38515625 0.0671875 0.06875
0 0.32421875 0.4140625 0.0703125 0.0828125
0 0.15625 0.5765625 0.103125 0.053125
0 0.053125 0.65703125 0.0546875 0.05
0 0.9015625 0.76953125 0.07421875 0.0484375
0 0.95078125 0.88984375 0.084375 0.06875
0 0.95859375 0.95703125 0.07890625 0.0859375
0 0.9 0.7625 0.07578125 0.0546875
0 0.8765625 0.85 0.1171875 0.1046875
0 0.86875 0.9421875 0.1359375 0.11484375
0 0.79140625 0.9125 0.13203125 0.11328125
0 0.765625 0.809375 0.1390625 0.103125
0 0.7484375 0.98828125 0.128125 0.0234375
0 0.62421875 0.96796875 0.14921875 0.06328125
0 0.64921875 0.8734375 0.0890625 0.11171875
0 0.72421875 0.928125 0.084375 0.11328125
0 0.54921875 0.91171875 0.14921875 0.15625
0 0.37265625 0.96171875 0.1078125 0.0765625
0 0.43828125 0.940625 0.1171875 0.11875
0 0.2265625 0.96328125 0.1375 0.0734375
0 0.15546875 0.9890625 0.1171875 0.021875
0 0.0890625 0.953125 0.103125 0.09375
0 0.04375 0.9734375 0.0875 0.053125