0 0.490625 0.4140625 0.06796875 0.0703125
0 0.578125 0.44375 0.071875 0.08359375
0 0.7484375 0.609375 0.1046875 0.05390625
0 0.853125 0.69140625 0.05625 0.05078125
0 0.0140625 0.80625 0.028125 0.04921875
0 0.01484375 0.79921875 0.0296875 0.05625
0 0.0375 0.8875 0.075 0.10703125
0 0.04609375 0.96171875 0.0921875 0.0765625
0 0.1015625 0.946875 0.134375 0.10625
0 0.128125 0.84609375 0.14140625 0.1046875
0 0.246875 0.91171875 0.090625 0.11328125
0 0.1703125 0.9546875 0.0859375 0.090625
0 0.3484375 0.93515625 0.15234375 0.1296875
0 0.52890625 0.98046875 0.11015625 0.03828125
0 0.4609375 0.96015625 0.11875 0.0796875
0 0.67578125 0.9828125 0.1390625 0.034375
0 0.81640625 0.971875 0.1046875 0.05625
0 0.86796875 0.01171875 0.19765625 0.02265625