0 0.0921875 0.46875 0.03125 0.03125
0 0.11171875 0.50078125 0.0265625 0.0359375
0 0.15 0.64296875 0.103125 0.0890625
0 0.18125 0.69453125 0.1125 0.0953125
0 0.0296875 0.9609375 0.059375 0.075
0 0.0765625 0.9390625 0.034375 0.0375
0 0.11328125 0.92578125 0.0453125 0.0484375
0 0.1375 0.9734375 0.03125 0.03125
0 0.19453125 0.92421875 0.0796875 0.0984375
0 0.171875 0.8015625 0.034375 0.05
0 0.18359375 0.8390625 0.0265625 0.025
0 0.4 0.30390625 0.040625 0.0390625
0 0.4328125 0.29453125 0.028125 0.0265625
0 0.4984375 0.275 0.05625 0.040625
0 0.53515625 0.3640625 0.0328125 0.0375
0 0.54921875 0.42109375 0.0328125 0.0359375
0 0.58984375 0.53828125 0.0328125 0.0328125
0 0.7046875 0.74140625 0.1 0.0984375
0 0.834375 0.5828125 0.034375 0.03125
0 0.88984375 0.3234375 0.0796875 0.084375
0 0.853125 0.22578125 0.0625 0.0484375