0 0.03984375 0.2609375 0.07890625 0.103125
0 0.08984375 0.2046875 0.1796875 0.171875
0 0.02734375 0.03828125 0.0546875 0.0765625
0 0.19765625 0.3140625 0.09296875 0.10625
0 0.24921875 0.36953125 0.07890625 0.07890625
0 0.31015625 0.38203125 0.06328125 0.0703125
0 0.37265625 0.39140625 0.05859375 0.05859375
0 0.34375 0.33515625 0.0484375 0.0484375
0 0.4328125 0.30859375 0.10625 0.1015625
0 0.4328125 0.43125 0.0828125 0.09296875
0 0.53125 0.4546875 0.10625 0.09765625
0 0.52421875 0.35625 0.103125 0.10859375
0 0.41953125 0.1859375 0.09609375 0.0828125
0 0.5421875 0.17578125 0.121875 0.14609375
0 0.5984375 0.26796875 0.09453125 0.103125
0 0.640625 0.40625 0.103125 0.10859375
0 0.6484375 0.51953125 0.084375 0.12578125
0 0.74140625 0.5421875 0.10859375 0.09765625
0 0.75859375 0.4546875 0.09453125 0.09765625
0 0.71484375 0.3546875 0.09296875 0.0703125
0 0.67265625 0.24921875 0.0875 0.103125
0 0.7359375 0.27578125 0.08046875 0.09765625
0 0.7953125 0.29140625 0.0546875 0.0875
0 0.85625 0.14609375 0.0671875 0.11328125
0 0.80078125 0.1390625 0.05859375 0.09609375
0 0.7671875 0.04765625 0.121875 0.0953125
0 0.84140625 0.02734375 0.07421875 0.0546875
0 0.6109375 0.01640625 0.0703125 0.0328125
0 0.640625 0.09609375 0.06875 0.05859375