0 0.96171875 0.3109375 0.07578125 0.1015625
0 0.9125 0.2546875 0.175 0.16875
0 0.9734375 0.0640625 0.05234375 0.128125
0 0.875 0.0078125 0.1046875 0.01484375
0 0.8078125 0.36328125 0.09140625 0.1046875
0 0.75703125 0.4171875 0.07734375 0.07734375
0 0.696875 0.4296875 0.0625 0.06953125
0 0.63515625 0.4390625 0.0578125 0.0578125
0 0.6640625 0.38359375 0.04765625 0.04765625
0 0.57578125 0.35703125 0.1046875 0.1
0 0.57578125 0.478125 0.08125 0.09140625
0 0.4796875 0.50078125 0.1046875 0.09609375
0 0.48671875 0.4046875 0.1015625 0.10625
0 0.58984375 0.23671875 0.09453125 0.08125
0 0.46875 0.22734375 0.1203125 0.14375
0 0.41328125 0.3171875 0.09296875 0.1015625
0 0.371875 0.45390625 0.1015625 0.10625
0 0.3640625 0.56484375 0.0828125 0.1234375
0 0.27265625 0.58671875 0.10625 0.09609375
0 0.25625 0.50078125 0.09296875 0.09609375
0 0.29921875 0.403125 0.09140625 0.06953125
0 0.340625 0.29921875 0.0859375 0.1015625
0 0.278125 0.325 0.0796875 0.09609375
0 0.21953125 0.340625 0.05390625 0.0859375
0 0.159375 0.19765625 0.065625 0.11171875
0 0.21484375 0.190625 0.0578125 0.09453125
0 0.24765625 0.096875 0.1203125 0.1
0 0.175 0.059375 0.07265625 0.09765625
0 0.4015625 0.05859375 0.06953125 0.05546875
0 0.42890625 0.03125 0.07421875 0.0625
0 0.371875 0.1484375 0.0671875 0.0578125
0 0.10390625 0.00625 0.09609375 0.01171875