0 0.90625 0.47265625 0.03203125 0.03203125
0 0.8859375 0.50546875 0.02734375 0.03671875
0 0.846875 0.65234375 0.10625 0.0921875
0 0.81484375 0.70546875 0.11640625 0.0984375
0 0.9703125 0.97109375 0.059375 0.0578125
0 0.92265625 0.9578125 0.03515625 0.0390625
0 0.884375 0.94453125 0.046875 0.05
0 0.86015625 0.98828125 0.0328125 0.0234375
0 0.80078125 0.94296875 0.08203125 0.1015625
0 0.82421875 0.81640625 0.03515625 0.0515625
0 0.81171875 0.8546875 0.02734375 0.02578125
0 0.5890625 0.30234375 0.0421875 0.040625
0 0.5546875 0.29296875 0.02890625 0.02734375
0 0.48671875 0.27265625 0.0578125 0.0421875
0 0.44921875 0.36484375 0.03359375 0.0390625
0 0.434375 0.4234375 0.03359375 0.03671875
0 0.39296875 0.54453125 0.03359375 0.03359375
0 0.27421875 0.75390625 0.103125 0.1015625
0 0.140625 0.590625 0.03515625 0.03203125
0 0.0828125 0.32265625 0.08203125 0.08671875
0 0.12109375 0.221875 0.06484375 0.05