0 0.90703125 0.46328125 0.03203125 0.03203125
0 0.88671875 0.49609375 0.0265625 0.03671875
0 0.8484375 0.63984375 0.1046875 0.08984375
0 0.81640625 0.6921875 0.1140625 0.096875
0 0.9703125 0.9609375 0.059375 0.075
0 0.92265625 0.93984375 0.03515625 0.03828125
0 0.88515625 0.9265625 0.04609375 0.04921875
0 0.8609375 0.975 0.03203125 0.03203125
0 0.803125 0.925 0.08046875 0.1
0 0.82578125 0.80078125 0.03515625 0.05078125
0 0.8140625 0.83828125 0.0265625 0.025
0 0.5953125 0.296875 0.04140625 0.03984375
0 0.56171875 0.2875 0.028125 0.0265625
0 0.4953125 0.2671875 0.05703125 0.04140625
0 0.4578125 0.3578125 0.03359375 0.03828125
0 0.44375 0.415625 0.03359375 0.03671875
0 0.40234375 0.534375 0.03359375 0.03359375
0 0.28671875 0.73984375 0.1015625 0.1
0 0.1546875 0.57890625 0.03515625 0.03203125
0 0.09921875 0.31640625 0.08046875 0.08515625
0 0.1359375 0.2171875 0.06328125 0.04921875