0 0.96953125 0.7484375 0.0609375 0.08125
0 0.91171875 0.78046875 0.0875 0.0875
0 0.8375 0.83984375 0.065625 0.065625
0 0.8046875 0.86484375 0.09140625 0.08125
0 0.6734375 0.946875 0.09140625 0.071875
0 0.621875 0.9765625 0.06875 0.04609375
0 0.7109375 0.8125 0.0578125 0.0625
0 0.67578125 0.790625 0.0578125 0.0640625
0 0.98984375 0.56171875 0.0203125 0.0734375
0 0.94453125 0.59765625 0.075 0.0703125
0 0.89140625 0.58515625 0.0828125 0.08125
0 0.96640625 0.52265625 0.0671875 0.09296875
0 0.89453125 0.49921875 0.09921875 0.09765625
0 0.9453125 0.47109375 0.0578125 0.09921875
0 0.98984375 0.32421875 0.0203125 0.0453125
0 0.959375 0.24765625 0.08125 0.09296875
0 0.83125 0.32265625 0.04609375 0.0546875
0 0.73515625 0.37109375 0.08984375 0.075
0 0.509375 0.45625 0.0703125 0.05234375
0 0.515625 0.5078125 0.0765625 0.0765625
0 0.428125 0.51171875 0.0578125 0.08125
0 0.36953125 0.56015625 0.08125 0.078125
0 0.32265625 0.571875 0.03828125 0.0734375
0 0.2578125 0.59140625 0.04921875 0.04453125
0 0.24296875 0.50859375 0.09609375 0.0875
0 0.3078125 0.671875 0.08125 0.08125
0 0.78125 0.61953125 0.10859375 0.128125
0 0.7125 0.553125 0.0671875 0.071875
0 0.72578125 0.525 0.071875 0.04296875
0 0.5484375 0.8546875 0.084375 0.0640625
0 0.52890625 0.8 0.0640625 0.0609375
0 0.49609375 0.75234375 0.06875 0.0828125
0 0.57734375 0.75859375 0.10078125 0.10234375
0 0.609375 0.72265625 0.10390625 0.06875
0 0.60546875 0.64921875 0.15 0.11015625
0 0.934375 0.06875 0.05078125 0.0703125
0 0.82890625 0.03359375 0.0734375 0.0640625
0 0.69921875 0.0671875 0.08125 0.0859375
0 0.6109375 0.10390625 0.078125 0.0609375
0 0.59140625 0.16875 0.0671875 0.05625
0 0.33515625 0.378125 0.09921875 0.11015625
0 0.45703125 0.2953125 0.0734375 0.0765625
0 0.2921875 0.30859375 0.0578125 0.05078125
0 0.2796875 0.3671875 0.0578125 0.0703125
0 0.4875 0.928125 0.0609375 0.0703125
0 0.44375 0.90234375 0.0859375 0.10859375
0 0.3953125 0.80625 0.08125 0.06875
0 0.3453125 0.8546875 0.05078125 0.05078125
0 0.36328125 0.7515625 0.11015625 0.10078125
0 0.15390625 0.36875 0.0625 0.0578125
0 0.128125 0.321875 0.0671875 0.05625
0 0.09140625 0.11953125 0.0859375 0.0703125
0 0.22890625 0.1796875 0.09453125 0.071875
0 0.41171875 0.0296875 0.1296875 0.059375
0 0.32421875 0.04765625 0.09609375 0.0765625
0 0.29296875 0.09140625 0.1328125 0.12109375
0 0.18046875 0.1390625 0.0640625 0.0859375
0 0.23125 0.121875 0.0765625 0.084375
0 0.14609375 0.09140625 0.075 0.0734375
0 0.19765625 0.06328125 0.0875 0.08125
0 0.39765625 0.27578125 0.10859375 0.1296875
0 0.996875 0.0359375 0.00625 0.04921875