0 0.0890625 0.928125 0.06796875 0.0578125
0 0.14140625 0.95 0.06328125 0.059375
0 0.33046875 0.96875 0.1015625 0.0625
0 0.13828125 0.828125 0.040625 0.0421875
0 0.159375 0.7875 0.0546875 0.04375
0 0.21015625 0.86875 0.08671875 0.06484375
0 0.2296875 0.821875 0.06953125 0.06484375
0 0.48359375 0.9171875 0.08359375 0.0578125
0 0.50546875 0.89140625 0.07109375 0.05
0 0.20078125 0.71328125 0.06484375 0.0546875
0 0.25625 0.59921875 0.08828125 0.10703125
0 0.3171875 0.68125 0.12421875 0.07734375
0 0.3359375 0.62734375 0.09921875 0.08515625
0 0.39296875 0.628125 0.06953125 0.06796875
0 0.44921875 0.65234375 0.07734375 0.06953125
0 0.48828125 0.74453125 0.08671875 0.07734375
0 0.50859375 0.6953125 0.06796875 0.06328125
0 0.553125 0.725 0.059375 0.10390625
0 0.6 0.71875 0.08359375 0.08203125
0 0.59375 0.66328125 0.07109375 0.06328125
0 0.6421875 0.61171875 0.08046875 0.08515625
0 0.39375 0.49765625 0.10859375 0.10546875
0 0.17578125 0.3765625 0.10390625 0.08359375
0 0.034375 0.30078125 0.06875 0.0765625
0 0.57890625 0.43046875 0.06953125 0.059375
0 0.634375 0.875 0.06484375 0.0609375
0 0.6640625 0.8234375 0.06796875 0.08671875
0 0.6828125 0.9046875 0.07109375 0.07421875
0 0.73828125 0.94921875 0.06796875 0.07734375
0 0.73046875 0.8984375 0.07109375 0.0484375
0 0.98671875 0.9796875 0.0265625 0.040625
0 0.915625 0.9640625 0.13125 0.071875
0 0.959375 0.89453125 0.08125 0.1109375
0 0.9796875 0.79453125 0.040625 0.13046875
0 0.70234375 0.83671875 0.0546875 0.05
0 0.7203125 0.79453125 0.06953125 0.07109375
0 0.7734375 0.79609375 0.06328125 0.0453125
0 0.87734375 0.78671875 0.07265625 0.0578125
0 0.76640625 0.7515625 0.06796875 0.06328125
0 0.80234375 0.6390625 0.08984375 0.08359375
0 0.88359375 0.596875 0.06953125 0.09609375
0 0.94453125 0.6234375 0.09921875 0.07421875
0 0.92421875 0.5703125 0.07265625 0.08046875
0 0.89453125 0.32421875 0.05625 0.06328125
0 0.7578125 0.28125 0.07265625 0.07265625
0 0.6609375 0.26171875 0.06796875 0.0578125
0 0.60078125 0.24375 0.06640625 0.040625
0 0.34921875 0.2703125 0.06953125 0.053125
0 0.49296875 0.22578125 0.09609375 0.09296875
0 0.23671875 0.1328125 0.0546875 0.0453125
0 0.35859375 0.08515625 0.059375 0.07578125
0 0.31484375 0.06171875 0.06953125 0.0546875
0 0.39609375 0.04140625 0.06328125 0.06484375
0 0.3140625 0.025 0.06796875 0.05
0 0.378125 0.009375 0.07421875 0.01875
0 0.86328125 0.26015625 0.13515625 0.06484375
0 0.87734375 0.18984375 0.12578125 0.10859375
0 0.6046875 0.10234375 0.12421875 0.09453125
0 0.70625 0.1140625 0.06953125 0.06796875
0 0.7140625 0.02890625 0.10078125 0.0578125
0 0.9234375 0.0453125 0.084375 0.090625
0 0.596875 0.034375 0.0875 0.06875
0 0.859375 0.0140625 0.08046875 0.028125
0 0.9078125 0.3984375 0.0453125 0.0421875