0 0.33515625 0.04453125 0.0734375 0.0796875
0 0.34140625 0.1234375 0.0515625 0.0625
0 0.3875 0.11796875 0.040625 0.0546875
0 0.43671875 0.24296875 0.0453125 0.0421875
0 0.603125 0.19453125 0.075 0.0796875
0 0.490625 0.4078125 0.05625 0.071875
0 0.52265625 0.4375 0.0546875 0.059375
0 0.52890625 0.484375 0.0546875 0.05
0 0.2453125 0.5140625 0.05 0.053125
0 0.0515625 0.34921875 0.053125 0.0578125
0 0.10546875 0.4578125 0.0484375 0.05
0 0.43359375 0.52109375 0.1078125 0.0890625
0 0.50859375 0.56875 0.0671875 0.05
0 0.5921875 0.5265625 0.053125 0.04375
0 0.66328125 0.509375 0.0671875 0.075
0 0.79921875 0.59609375 0.0484375 0.0484375
0 0.76796875 0.53359375 0.0421875 0.0421875
0 0.78984375 0.1640625 0.0609375 0.0625
0 0.84140625 0.25703125 0.0640625 0.0640625
0 0.77421875 0.25 0.0859375 0.103125
0 0.80625 0.33359375 0.071875 0.0765625
0 0.8375 0.36796875 0.06875 0.0640625
0 0.8046875 0.40234375 0.071875 0.0671875
0 0.7390625 0.6671875 0.11875 0.14375
0 0.353125 0.6546875 0.059375 0.065625
0 0.2921875 0.68125 0.04375 0.04375
0 0.12734375 0.76328125 0.1109375 0.0734375
0 0.3046875 0.73046875 0.071875 0.0671875
0 0.328125 0.7984375 0.071875 0.075
0 0.2328125 0.91171875 0.0625 0.0765625
0 0.34140625 0.8984375 0.0609375 0.053125
0 0.3875 0.98046875 0.0625 0.0390625
0 0.42421875 0.64921875 0.0828125 0.1046875
0 0.43046875 0.765625 0.0515625 0.053125
0 0.46484375 0.8265625 0.0640625 0.065625
0 0.4796875 0.71171875 0.084375 0.0578125
0 0.51484375 0.79296875 0.1109375 0.0859375
0 0.49921875 0.740625 0.0984375 0.059375
0 0.6265625 0.73125 0.059375 0.053125
0 0.51171875 0.665625 0.0453125 0.0375
0 0.79375 0.77265625 0.103125 0.1015625
0 0.79921875 0.83046875 0.0765625 0.0546875
0 0.696875 0.90234375 0.0625 0.0765625
0 0.5875 0.90859375 0.0625 0.0609375
0 0.59609375 0.96171875 0.0609375 0.0578125
0 0.6390625 0.92421875 0.071875 0.0765625
0 0.89921875 0.96171875 0.1015625 0.0734375
0 0.9734375 0.9625 0.053125 0.075