0 0.0890625 0.0703125 0.06796875 0.0578125
0 0.14140625 0.0484375 0.06328125 0.059375
0 0.33125 0.03046875 0.10234375 0.0609375
0 0.13828125 0.1703125 0.040625 0.0421875
0 0.159375 0.2109375 0.0546875 0.04375
0 0.21015625 0.1296875 0.08671875 0.06484375
0 0.2296875 0.1765625 0.06953125 0.06484375
0 0.48359375 0.08125 0.08359375 0.0578125
0 0.50546875 0.10703125 0.07109375 0.05
0 0.20078125 0.28515625 0.06484375 0.0546875
0 0.25625 0.39921875 0.08828125 0.10703125
0 0.3171875 0.3171875 0.12421875 0.07734375
0 0.3359375 0.37109375 0.09921875 0.08515625
0 0.39296875 0.3703125 0.06953125 0.06796875
0 0.44921875 0.34609375 0.07734375 0.06953125
0 0.48828125 0.25390625 0.08671875 0.07734375
0 0.50859375 0.303125 0.06796875 0.06328125
0 0.553125 0.2734375 0.059375 0.10390625
0 0.6 0.2796875 0.08359375 0.08203125
0 0.59375 0.33515625 0.07109375 0.06328125
0 0.6421875 0.38671875 0.08046875 0.08515625
0 0.39375 0.50078125 0.10859375 0.10546875
0 0.17578125 0.621875 0.10390625 0.08359375
0 0.034375 0.69765625 0.06875 0.0765625
0 0.57890625 0.56796875 0.06953125 0.059375
0 0.634375 0.1234375 0.06484375 0.0609375
0 0.6640625 0.175 0.06796875 0.08671875
0 0.6828125 0.09375 0.07109375 0.07421875
0 0.73828125 0.04921875 0.06796875 0.07734375
0 0.73046875 0.1 0.07109375 0.0484375
0 0.98671875 0.01953125 0.0265625 0.0390625
0 0.915625 0.03515625 0.13125 0.0703125
0 0.959375 0.10390625 0.08125 0.1109375
0 0.9796875 0.20390625 0.040625 0.13046875
0 0.70234375 0.16171875 0.0546875 0.05
0 0.7203125 0.20390625 0.06953125 0.07109375
0 0.7734375 0.20234375 0.06328125 0.0453125
0 0.87734375 0.21171875 0.07265625 0.0578125
0 0.76640625 0.246875 0.06796875 0.06328125
0 0.80234375 0.359375 0.08984375 0.08359375
0 0.88359375 0.4015625 0.06953125 0.09609375
0 0.94453125 0.375 0.09921875 0.07421875
0 0.92421875 0.428125 0.07265625 0.08046875
0 0.89453125 0.67421875 0.05625 0.06328125
0 0.7578125 0.7171875 0.07265625 0.07265625
0 0.6609375 0.73671875 0.06796875 0.0578125
0 0.60078125 0.7546875 0.06640625 0.040625
0 0.34921875 0.728125 0.06953125 0.053125
0 0.49296875 0.77265625 0.09609375 0.09296875
0 0.23671875 0.865625 0.0546875 0.0453125
0 0.35859375 0.91328125 0.059375 0.07578125
0 0.31484375 0.9359375 0.06953125 0.0546875
0 0.39609375 0.95703125 0.06328125 0.06484375
0 0.3140625 0.97421875 0.06796875 0.0515625
0 0.378125 0.98984375 0.07421875 0.0203125
0 0.86328125 0.73828125 0.13515625 0.06484375
0 0.87734375 0.80859375 0.12578125 0.10859375
0 0.6046875 0.89609375 0.12421875 0.09453125
0 0.70625 0.884375 0.06953125 0.06796875
0 0.7140625 0.9703125 0.10078125 0.059375
0 0.9234375 0.95390625 0.084375 0.0921875
0 0.596875 0.96484375 0.0875 0.0703125
0 0.859375 0.98515625 0.08046875 0.0296875
0 0.9078125 0.6 0.0453125 0.0421875