0 0.02890625 0.20703125 0.0578125 0.09609375
0 0.08984375 0.1421875 0.071875 0.071875
0 0.1265625 0.11484375 0.1 0.0890625
0 0.2703125 0.03203125 0.1 0.0640625
0 0.32578125 0.00859375 0.075 0.0171875
0 0.22890625 0.171875 0.06328125 0.06796875
0 0.2671875 0.19609375 0.06328125 0.0703125
0 0.03828125 0.4203125 0.0765625 0.0890625
0 0.04140625 0.51484375 0.08203125 0.10703125
0 0.096875 0.7078125 0.05078125 0.059375
0 0.203125 0.6546875 0.09765625 0.08203125
0 0.44921875 0.56171875 0.0765625 0.0578125
0 0.4421875 0.50546875 0.08359375 0.08359375
0 0.53828125 0.50078125 0.06328125 0.0890625
0 0.60234375 0.4484375 0.0890625 0.0859375
0 0.65390625 0.43515625 0.0421875 0.08046875
0 0.725 0.4140625 0.05390625 0.04921875
0 0.74140625 0.5046875 0.1046875 0.09609375
0 0.6703125 0.32578125 0.0890625 0.0890625
0 0.15234375 0.3828125 0.11875 0.13984375
0 0.22734375 0.45546875 0.0734375 0.07890625
0 0.2125 0.48671875 0.07890625 0.046875
0 0.40625 0.12578125 0.09296875 0.0703125
0 0.428125 0.18515625 0.0703125 0.06640625
0 0.4640625 0.2375 0.075 0.090625
0 0.375 0.23046875 0.11015625 0.11171875
0 0.33984375 0.2703125 0.11328125 0.075
0 0.34453125 0.35078125 0.1640625 0.1203125
0 0.2421875 0.9703125 0.0890625 0.059375
0 0.33828125 0.94765625 0.0859375 0.06640625
0 0.36015625 0.8765625 0.0734375 0.0609375
0 0.63984375 0.64765625 0.10859375 0.1203125
0 0.50703125 0.7375 0.08046875 0.08359375
0 0.68671875 0.7234375 0.06328125 0.05625
0 0.70078125 0.659375 0.06328125 0.0765625
0 0.4734375 0.0453125 0.06640625 0.0765625
0 0.52109375 0.0734375 0.09453125 0.11875
0 0.57421875 0.17890625 0.0890625 0.075
0 0.6296875 0.12578125 0.05625 0.05625
0 0.609375 0.23828125 0.1203125 0.11015625
0 0.83828125 0.65703125 0.06796875 0.06328125
0 0.8671875 0.70859375 0.0734375 0.0609375
0 0.90703125 0.9296875 0.09453125 0.0765625
0 0.75625 0.86484375 0.103125 0.07890625
0 0.65234375 0.9828125 0.1046875 0.034375
0 0.6859375 0.94765625 0.1453125 0.1046875
0 0.809375 0.909375 0.0703125 0.09453125
0 0.753125 0.92734375 0.08359375 0.09296875
0 0.84609375 0.96015625 0.0828125 0.0796875
0 0.79140625 0.9734375 0.09609375 0.05234375
0 0.571875 0.759375 0.11875 0.14140625