0 0.6640625 0.04140625 0.07421875 0.08046875
0 0.6578125 0.12109375 0.0515625 0.06328125
0 0.61171875 0.115625 0.040625 0.0546875
0 0.56171875 0.24140625 0.0453125 0.0421875
0 0.39453125 0.19296875 0.07578125 0.08046875
0 0.5078125 0.40703125 0.05625 0.07265625
0 0.47578125 0.43671875 0.0546875 0.059375
0 0.46953125 0.484375 0.0546875 0.05
0 0.7546875 0.5140625 0.05 0.053125
0 0.95 0.3484375 0.053125 0.0578125
0 0.8953125 0.4578125 0.0484375 0.05
0 0.565625 0.52109375 0.10859375 0.08984375
0 0.48984375 0.56953125 0.06796875 0.05
0 0.40546875 0.5265625 0.053125 0.04375
0 0.334375 0.509375 0.06796875 0.07578125
0 0.19765625 0.596875 0.0484375 0.0484375
0 0.22890625 0.53359375 0.0421875 0.0421875
0 0.20703125 0.16171875 0.0609375 0.06328125
0 0.1546875 0.25546875 0.06484375 0.06484375
0 0.22265625 0.2484375 0.08671875 0.10390625
0 0.190625 0.3328125 0.07265625 0.07734375
0 0.15859375 0.3671875 0.06953125 0.06484375
0 0.1921875 0.4015625 0.07265625 0.06796875
0 0.2578125 0.66796875 0.11953125 0.14453125
0 0.64609375 0.65546875 0.059375 0.06640625
0 0.7078125 0.68203125 0.04375 0.04375
0 0.8734375 0.76484375 0.11171875 0.07421875
0 0.6953125 0.73203125 0.07265625 0.06796875
0 0.67109375 0.8 0.07265625 0.07578125
0 0.7671875 0.9140625 0.06328125 0.07734375
0 0.6578125 0.90078125 0.0609375 0.053125
0 0.61171875 0.98203125 0.06328125 0.0359375
0 0.575 0.65 0.08359375 0.10546875
0 0.56875 0.7671875 0.0515625 0.053125
0 0.53359375 0.82890625 0.06484375 0.06640625
0 0.51875 0.71328125 0.08515625 0.0578125
0 0.48359375 0.79453125 0.11171875 0.08671875
0 0.49921875 0.7421875 0.09921875 0.059375
0 0.37109375 0.7328125 0.059375 0.053125
0 0.48671875 0.66640625 0.0453125 0.0375
0 0.203125 0.77421875 0.10390625 0.10234375
0 0.19765625 0.8328125 0.07734375 0.0546875
0 0.3 0.9046875 0.06328125 0.07734375
0 0.41015625 0.9109375 0.06328125 0.0609375
0 0.4015625 0.96484375 0.0609375 0.0578125
0 0.35859375 0.9265625 0.07265625 0.07734375
0 0.09765625 0.96328125 0.1015625 0.0734375
0 0.02421875 0.96328125 0.0484375 0.0734375