0 0.24453125 0.9796875 0.0765625 0.040625
0 0.34921875 0.8359375 0.10390625 0.10390625
0 0.4265625 0.9640625 0.084375 0.071875
0 0.48984375 0.97734375 0.07578125 0.04453125
0 0.53203125 0.99375 0.0734375 0.0125
0 0.296875 0.7421875 0.07265625 0.065625
0 0.2265625 0.59921875 0.10390625 0.07890625
0 0.5 0.49453125 0.09609375 0.10078125
0 0.340625 0.46953125 0.0609375 0.0578125
0 0.54140625 0.41640625 0.0859375 0.09375
0 0.8109375 0.56328125 0.07421875 0.0578125
0 0.82734375 0.59921875 0.0578125 0.053125
0 0.9359375 0.72109375 0.05625 0.053125
0 0.95 0.67578125 0.0609375 0.05078125
0 0.9875 0.59609375 0.025 0.07890625
0 0.82265625 0.421875 0.12734375 0.1234375
0 0.73515625 0.3765625 0.0609375 0.065625
0 0.95859375 0.23828125 0.0828125 0.1140625
0 0.990625 0.2828125 0.01796875 0.1140625
0 0.95 0.0109375 0.090625 0.02109375