0 0.24140625 0.046875 0.0734375 0.05
0 0.33984375 0.18828125 0.0984375 0.0984375
0 0.41328125 0.06328125 0.0796875 0.0765625
0 0.4734375 0.0375 0.071875 0.075
0 0.5140625 0.02265625 0.06875 0.0453125
0 0.603125 0.01953125 0.096875 0.0390625
0 0.290625 0.2765625 0.06875 0.0625
0 0.22421875 0.4125 0.0984375 0.075
0 0.2171875 0.01796875 0.059375 0.0359375
0 0.4828125 0.51171875 0.090625 0.0953125
0 0.33203125 0.53515625 0.0578125 0.0546875
0 0.521875 0.58515625 0.08125 0.0890625
0 0.77734375 0.44609375 0.0703125 0.0546875
0 0.79296875 0.4125 0.0546875 0.05
0 0.8953125 0.296875 0.053125 0.05
0 0.90859375 0.33984375 0.0578125 0.0484375
0 0.96171875 0.415625 0.0578125 0.075
0 0.78828125 0.58046875 0.1203125 0.1171875
0 0.70546875 0.6234375 0.0578125 0.0625
0 0.92578125 0.75390625 0.0953125 0.1078125
0 0.96953125 0.71171875 0.0609375 0.1078125
0 0.90859375 0.9796875 0.0859375 0.040625