0 0.6390625 0.95390625 0.0796875 0.0859375
0 0.6328125 0.86796875 0.05546875 0.0671875
0 0.5828125 0.87421875 0.04375 0.059375
0 0.5296875 0.7390625 0.04921875 0.0453125
0 0.35 0.79140625 0.08125 0.0859375
0 0.47109375 0.5609375 0.0609375 0.07734375
0 0.43671875 0.52890625 0.059375 0.0640625
0 0.4296875 0.478125 0.059375 0.05390625
0 0.73671875 0.44609375 0.05390625 0.0578125
0 0.94609375 0.62421875 0.0578125 0.0625
0 0.8875 0.50703125 0.05234375 0.05390625
0 0.5328125 0.43828125 0.11640625 0.09609375
0 0.4515625 0.38671875 0.07265625 0.05390625
0 0.36171875 0.4328125 0.0578125 0.04765625
0 0.284375 0.45078125 0.07265625 0.08125
0 0.1375 0.35703125 0.05234375 0.05234375
0 0.17109375 0.425 0.0453125 0.0453125
0 0.14765625 0.82421875 0.065625 0.0671875
0 0.0921875 0.7234375 0.06953125 0.06953125
0 0.16484375 0.73125 0.09296875 0.11171875
0 0.1296875 0.64140625 0.07734375 0.0828125
0 0.09609375 0.60390625 0.07421875 0.06953125
0 0.13203125 0.56640625 0.07734375 0.07265625
0 0.20234375 0.28046875 0.128125 0.15546875
0 0.6203125 0.29375 0.0640625 0.07109375
0 0.6859375 0.26484375 0.04765625 0.04765625
0 0.8640625 0.1765625 0.1203125 0.0796875
0 0.67265625 0.21171875 0.07734375 0.07265625
0 0.646875 0.13828125 0.07734375 0.08125
0 0.75 0.02890625 0.0671875 0.0578125
0 0.6328125 0.03046875 0.065625 0.0578125
0 0.54296875 0.3 0.08984375 0.11328125
0 0.5359375 0.17421875 0.05546875 0.0578125
0 0.49921875 0.1078125 0.06953125 0.07109375
0 0.4828125 0.23203125 0.09140625 0.0625
0 0.4453125 0.14453125 0.1203125 0.09296875
0 0.46171875 0.20078125 0.10625 0.0640625
0 0.32421875 0.2109375 0.0640625 0.0578125
0 0.4484375 0.28203125 0.04921875 0.040625
0 0.14375 0.16640625 0.11171875 0.11015625
0 0.1375 0.10390625 0.0828125 0.059375
0 0.2484375 0.03359375 0.0671875 0.0671875
0 0.36640625 0.0265625 0.0671875 0.05234375
0 0.3109375 0.021875 0.07734375 0.04375