0 0.75859375 0.95390625 0.07421875 0.05078125
0 0.659375 0.8109375 0.1 0.1
0 0.584375 0.9375 0.08046875 0.07734375
0 0.5234375 0.9625 0.07265625 0.07421875
0 0.48359375 0.978125 0.0703125 0.04375
0 0.39296875 0.98125 0.0984375 0.0375
0 0.70859375 0.721875 0.06953125 0.06328125
0 0.77578125 0.58359375 0.1 0.07578125
0 0.784375 0.9828125 0.059375 0.034375
0 0.5140625 0.48359375 0.09140625 0.096875
0 0.6671875 0.459375 0.05859375 0.05546875
0 0.475 0.409375 0.08203125 0.08984375
0 0.215625 0.55 0.07109375 0.05546875
0 0.2 0.58359375 0.05546875 0.05078125
0 0.096875 0.70078125 0.05390625 0.05078125
0 0.0828125 0.6578125 0.05859375 0.04921875
0 0.0296875 0.58125 0.059375 0.075
0 0.2046875 0.4140625 0.121875 0.11875
0 0.2890625 0.3703125 0.05859375 0.06328125
0 0.065625 0.23828125 0.096875 0.109375
0 0.0265625 0.28125 0.053125 0.109375
0 0.0828125 0.01484375 0.08671875 0.0296875