0 0.01171875 0.065625 0.0234375 0.03359375
0 0.0265625 0.0296875 0.0234375 0.02890625
0 0.0609375 0.01953125 0.025 0.03828125
0 0.1625 0.0109375 0.0234375 0.021875
0 0.62890625 0.02890625 0.05703125 0.03359375
0 0.63671875 0.00390625 0.0453125 0.0078125
0 0.621875 0.06171875 0.03515625 0.03359375
0 0.615625 0.103125 0.03359375 0.03828125
0 0.47109375 0.0609375 0.0265625 0.025
0 0.50703125 0.20078125 0.0265625 0.02890625
0 0.52109375 0.2578125 0.03203125 0.03828125
0 0.67890625 0.26640625 0.0453125 0.04375
0 0.6671875 0.2109375 0.065625 0.0421875
0 0.81484375 0.2234375 0.02890625 0.03359375
0 0.86328125 0.1703125 0.021875 0.03203125
0 0.98359375 0.10859375 0.0328125 0.0484375
0 0.96171875 0.02421875 0.03046875 0.0484375
0 0.98984375 0.22265625 0.0203125 0.0421875
0 0.99609375 0.26953125 0.0078125 0.0265625
0 0.734375 0.41328125 0.025 0.025
0 0.6796875 0.33125 0.03359375 0.03828125
0 0.6796875 0.365625 0.040625 0.03046875
0 0.04609375 0.215625 0.05546875 0.071875
0 0.065625 0.29453125 0.04375 0.03828125
0 0.0734375 0.3296875 0.04375 0.03203125
0 0.09375 0.35390625 0.040625 0.0640625
0 0.05625 0.36328125 0.02890625 0.0421875
0 0.02734375 0.37734375 0.02890625 0.03359375
0 0.02734375 0.44765625 0.03515625 0.03671875
0 0.15 0.534375 0.025 0.03203125
0 0.01015625 0.59765625 0.0203125 0.03359375
0 0.1 0.76796875 0.03203125 0.02890625
0 0.00703125 0.740625 0.01328125 0.02890625
0 0.06328125 0.55859375 0.01875 0.0234375
0 0.19140625 0.84375 0.03359375 0.03359375
0 0.15390625 0.86875 0.03828125 0.040625
0 0.1171875 0.9171875 0.0234375 0.03203125
0 0.08828125 0.91953125 0.02890625 0.03046875
0 0.5140625 0.896875 0.03515625 0.02890625
0 0.60859375 0.8390625 0.02890625 0.0265625
0 0.65 0.7578125 0.03203125 0.02890625
0 0.70703125 0.78125 0.02890625 0.025
0 0.578125 0.65546875 0.02890625 0.02890625
0 0.5265625 0.684375 0.03359375 0.0265625
0 0.48046875 0.5515625 0.03828125 0.03515625
0 0.5421875 0.51796875 0.03046875 0.02890625
0 0.63671875 0.46640625 0.02890625 0.03046875
0 0.75859375 0.5734375 0.03671875 0.03359375
0 0.86796875 0.48046875 0.03828125 0.03515625
0 0.91953125 0.73203125 0.04375 0.05234375
0 0.7796875 0.740625 0.0484375 0.03828125
0 0.85 0.8546875 0.025 0.025
0 0.81328125 0.88828125 0.02890625 0.02890625
0 0.7875 0.8765625 0.025 0.02890625
0 0.66796875 0.9640625 0.03671875 0.02890625
0 0.81640625 0.03125 0.021875 0.01875
0 0.76328125 0.01171875 0.0265625 0.0234375
0 0.2265625 0.1984375 0.04375 0.03828125
0 0.29765625 0.2359375 0.03515625 0.02890625
0 0.3046875 0.35703125 0.03828125 0.04375
0 0.34296875 0.6328125 0.02890625 0.0234375
0 0.5421875 0.36796875 0.03046875 0.02890625
0 0.53125 0.31328125 0.03203125 0.0421875