0 0.01796875 0.8734375 0.0359375 0.0359375
0 0.0671875 0.8984375 0.04296875 0.0359375
0 0.1171875 0.91796875 0.04765625 0.04609375
0 0.1703125 0.93828125 0.04296875 0.040625
0 0.2203125 0.95703125 0.02109375 0.0296875
0 0.22109375 0.81015625 0.065625 0.059375
0 0.14609375 0.78203125 0.059375 0.0625
0 0.02734375 0.746875 0.04453125 0.05078125
0 0.2515625 0.68984375 0.0703125 0.06875
0 0.16484375 0.6015625 0.09375 0.05546875
0 0.2046875 0.63203125 0.065625 0.0671875
0 0.26484375 0.64765625 0.08359375 0.05546875
0 0.28203125 0.603125 0.08515625 0.07890625
0 0.15234375 0.5640625 0.059375 0.07578125
0 0.1859375 0.559375 0.0609375 0.05546875
0 0.46328125 0.6625 0.04765625 0.05546875
0 0.48515625 0.971875 0.05546875 0.04296875
0 0.63984375 0.86328125 0.05703125 0.04765625
0 0.75703125 0.93203125 0.04609375 0.05390625
0 0.93125 0.74296875 0.04609375 0.0359375
0 0.9875 0.715625 0.02421875 0.034375
0 0.68515625 0.73125 0.0390625 0.04296875
0 0.79765625 0.6625 0.04453125 0.0390625
0 0.73671875 0.628125 0.040625 0.0359375
0 0.69453125 0.60390625 0.040625 0.0375
0 0.78125 0.5984375 0.040625 0.04296875
0 0.68671875 0.5453125 0.0390625 0.034375
0 0.471875 0.47421875 0.04296875 0.05078125
0 0.440625 0.4546875 0.04296875 0.04765625
0 0.4765625 0.434375 0.05078125 0.04296875
0 0.49296875 0.38359375 0.0640625 0.0625
0 0.290625 0.359375 0.05703125 0.05546875
0 0.18828125 0.3671875 0.071875 0.0625
0 0.02890625 0.2921875 0.05703125 0.065625
0 0.1390625 0.30546875 0.065625 0.05390625
0 0.1859375 0.31953125 0.0640625 0.05546875
0 0.34375 0.2671875 0.034375 0.04296875
0 0.35234375 0.18828125 0.05234375 0.0390625
0 0.01875 0.18671875 0.0375 0.05234375
0 0.0140625 0.14296875 0.028125 0.06875
0 0.05078125 0.14453125 0.071875 0.07578125
0 0.071875 0.08828125 0.065625 0.059375
0 0.1 0.02265625 0.065625 0.0453125
0 0.09921875 0.06015625 0.0703125 0.05390625
0 0.0515625 0.03671875 0.05078125 0.04453125
0 0.02734375 0.05546875 0.05390625 0.0921875
0 0.01796875 0.1 0.0359375 0.04296875
0 0.34375 0.00390625 0.040625 0.0078125
0 0.45625 0.0296875 0.0375 0.0328125
0 0.546875 0.06953125 0.034375 0.040625
0 0.56796875 0.03046875 0.04453125 0.040625
0 0.61171875 0.04453125 0.0265625 0.0328125
0 0.85390625 0.0140625 0.0390625 0.028125
0 0.8796875 0.0296875 0.034375 0.04296875
0 0.884375 0.22890625 0.0375 0.03125
0 0.61171875 0.228125 0.0359375 0.04296875
0 0.51328125 0.24453125 0.0625 0.04296875
0 0.471875 0.315625 0.08515625 0.0609375
0 0.7765625 0.303125 0.05078125 0.05234375
0 0.82109375 0.3328125 0.05546875 0.0625
0 0.8859375 0.3390625 0.028125 0.02265625
0 0.871875 0.3625 0.0390625 0.0359375
0 0.9359375 0.40625 0.059375 0.04296875
0 0.89375 0.38125 0.0328125 0.04765625
0 0.975 0.42109375 0.05 0.0671875
0 0.95 0.37734375 0.034375 0.0359375
0 0.79375 0.46171875 0.04296875 0.0375