0 0.03828125 0.1265625 0.0484375 0.034375
0 0.0921875 0.103125 0.040625 0.034375
0 0.13984375 0.084375 0.0453125 0.04375
0 0.190625 0.06484375 0.040625 0.0390625
0 0.23828125 0.046875 0.0203125 0.028125
0 0.2390625 0.1875 0.0625 0.05625
0 0.1671875 0.2140625 0.05625 0.059375
0 0.05390625 0.24765625 0.0421875 0.0484375
0 0.26796875 0.3015625 0.0671875 0.065625
0 0.18515625 0.3859375 0.0890625 0.053125
0 0.2234375 0.35703125 0.0625 0.0640625
0 0.28046875 0.3421875 0.0796875 0.053125
0 0.296875 0.384375 0.08125 0.075
0 0.1734375 0.421875 0.05625 0.071875
0 0.20546875 0.4265625 0.0578125 0.053125
0 0.46953125 0.328125 0.0453125 0.053125
0 0.490625 0.0328125 0.053125 0.040625
0 0.63828125 0.13671875 0.0546875 0.0453125
0 0.75 0.07109375 0.04375 0.0515625
0 0.915625 0.2515625 0.04375 0.034375
0 0.975 0.27734375 0.034375 0.0328125
0 0.68125 0.2625 0.0375 0.040625
0 0.78828125 0.328125 0.0421875 0.0375
0 0.73046875 0.3609375 0.0390625 0.034375
0 0.68984375 0.38359375 0.0390625 0.0359375
0 0.77265625 0.3890625 0.0390625 0.040625
0 0.6828125 0.43984375 0.0375 0.0328125
0 0.478125 0.50703125 0.040625 0.0484375
0 0.4484375 0.52578125 0.040625 0.0453125
0 0.48203125 0.5453125 0.0484375 0.040625
0 0.49765625 0.59375 0.0609375 0.059375
0 0.30546875 0.6171875 0.0546875 0.053125
0 0.2078125 0.609375 0.06875 0.059375
0 0.05390625 0.68125 0.0578125 0.0625
0 0.1609375 0.66796875 0.0625 0.0515625
0 0.20546875 0.6546875 0.0609375 0.053125
0 0.35546875 0.7046875 0.0328125 0.040625
0 0.3640625 0.7796875 0.05 0.0375
0 0.03984375 0.78125 0.0484375 0.05
0 0.02734375 0.8234375 0.0546875 0.065625
0 0.0140625 0.79140625 0.028125 0.0328125
0 0.0765625 0.821875 0.06875 0.071875
0 0.096875 0.875 0.0625 0.05625
0 0.1234375 0.953125 0.0625 0.071875
0 0.12265625 0.90234375 0.0671875 0.0515625
0 0.07734375 0.92421875 0.0484375 0.0421875
0 0.03984375 0.90625 0.0796875 0.0875
0 0.03125 0.8640625 0.0625 0.040625
0 0.35546875 0.97109375 0.0390625 0.0390625
0 0.32421875 0.98046875 0.0390625 0.0390625
0 0.46328125 0.93125 0.0359375 0.03125
0 0.54921875 0.89296875 0.0328125 0.0390625
0 0.56953125 0.93046875 0.0421875 0.0390625
0 0.6109375 0.9171875 0.025 0.03125
0 0.8421875 0.95546875 0.0375 0.0453125
0 0.86640625 0.93125 0.0328125 0.040625
0 0.87109375 0.74140625 0.0359375 0.0296875
0 0.6109375 0.7421875 0.034375 0.040625
0 0.5171875 0.7265625 0.059375 0.040625
0 0.478125 0.65859375 0.08125 0.0578125
0 0.76796875 0.6703125 0.0484375 0.05
0 0.8109375 0.6421875 0.053125 0.059375
0 0.87265625 0.6359375 0.0265625 0.021875
0 0.859375 0.6140625 0.0375 0.034375
0 0.9203125 0.571875 0.05625 0.040625
0 0.8796875 0.59609375 0.03125 0.0453125
0 0.96171875 0.55859375 0.0546875 0.0640625
0 0.93359375 0.6 0.0328125 0.034375
0 0.784375 0.51953125 0.040625 0.0359375