0 0.00546875 0.446875 0.01015625 0.05859375
0 0.01875 0.3734375 0.034375 0.0328125
0 0.146875 0.434375 0.053125 0.05859375
0 0.10390625 0.61875 0.053125 0.05859375
0 0.08359375 0.68359375 0.05 0.0546875
0 0.059375 0.803125 0.053125 0.05703125
0 0.00390625 0.38046875 0.0078125 0.0421875
0 0.03984375 0.29453125 0.0484375 0.053125
0 0.01875 0.26484375 0.0375 0.04453125
0 0.17734375 0.303125 0.0546875 0.06015625
0 0.2328125 0.3046875 0.03984375 0.0359375
0 0.24921875 0.2484375 0.04453125 0.05
0 0.2 0.22890625 0.053125 0.04140625
0 0.0421875 0.21484375 0.04609375 0.03125
0 0.08046875 0.184375 0.034375 0.04609375
0 0.05 0.18984375 0.04140625 0.0328125
0 0.05390625 0.15 0.06015625 0.03984375
0 0.03671875 0.12734375 0.0328125 0.034375
0 0.065625 0.115625 0.034375 0.0359375
0 0.0765625 0.065625 0.06015625 0.0484375
0 0.22890625 0.1140625 0.04140625 0.05703125
0 0.24296875 0.053125 0.05 0.04140625
0 0.25390625 0.00859375 0.04453125 0.0171875
0 0.30234375 0.01640625 0.03125 0.0328125
0 0.0734375 0.021875 0.059375 0.04375
0 0.2234375 0.96796875 0.065625 0.06328125
0 0.24453125 0.91875 0.09140625 0.06328125
0 0.24609375 0.85859375 0.05859375 0.0328125
0 0.2578125 0.88046875 0.06171875 0.02890625
0 0.28359375 0.82890625 0.07890625 0.06328125
0 0.27578125 0.7671875 0.053125 0.05703125
0 0.3015625 0.690625 0.05703125 0.0484375
0 0.34296875 0.64375 0.053125 0.04609375
0 0.290625 0.62265625 0.0546875 0.05
0 0.33671875 0.4765625 0.05859375 0.06015625
0 0.403125 0.3296875 0.053125 0.0484375
0 0.43203125 0.2984375 0.03984375 0.0359375
0 0.4734375 0.03359375 0.05703125 0.03984375
0 0.471875 0.0125 0.053125 0.025
0 0.4359375 0.15703125 0.053125 0.05
0 0.4484375 0.93828125 0.06171875 0.065625
0 0.41484375 0.86484375 0.053125 0.05
0 0.4359375 0.7921875 0.05 0.06171875
0 0.50625 0.71875 0.05 0.06328125
0 0.5171875 0.6484375 0.06171875 0.06015625
0 0.50390625 0.49765625 0.05 0.0671875
0 0.5375 0.3609375 0.05859375 0.06875
0 0.55234375 0.29609375 0.053125 0.053125
0 0.5671875 0.2265625 0.0484375 0.06171875
0 0.59609375 0.0984375 0.0375 0.04609375
0 0.6671875 0.10390625 0.04296875 0.053125
0 0.62890625 0.19765625 0.0375 0.04453125
0 0.66484375 0.21015625 0.0546875 0.053125
0 0.740625 0.24921875 0.0546875 0.05859375
0 0.71328125 0.3 0.04453125 0.053125
0 0.5859375 0.98046875 0.065625 0.0390625
0 0.5828125 0.9234375 0.065625 0.0359375
0 0.6 0.8984375 0.05859375 0.04140625
0 0.615625 0.87734375 0.05703125 0.05
0 0.60625 0.809375 0.04453125 0.0375
0 0.64296875 0.803125 0.0484375 0.053125
0 0.65546875 0.67578125 0.0671875 0.03984375
0 0.67265625 0.6484375 0.053125 0.03984375
0 0.67578125 0.56640625 0.053125 0.0359375
0 0.71640625 0.5359375 0.0546875 0.0484375
0 0.67421875 0.53203125 0.07734375 0.05
0 0.7 0.496875 0.0875 0.04453125
0 0.72734375 0.44609375 0.07421875 0.06015625
0 0.925 0.34453125 0.04296875 0.05
0 0.7421875 0.92890625 0.04453125 0.05
0 0.80078125 0.91171875 0.04140625 0.03984375
0 0.75859375 0.8640625 0.05 0.04453125
0 0.79375 0.70703125 0.05859375 0.053125
0 0.83671875 0.73828125 0.04140625 0.04296875
0 0.8484375 0.6953125 0.0484375 0.04296875
0 0.81796875 0.59609375 0.0484375 0.04453125
0 0.87421875 0.56875 0.04140625 0.04453125
0 0.83359375 0.540625 0.034375 0.04296875
0 0.8515625 0.475 0.06328125 0.053125
0 0.90859375 0.46484375 0.05859375 0.05
0 0.86484375 0.4046875 0.053125 0.03984375
0 0.8765625 0.365625 0.04453125 0.04453125
0 0.95703125 0.8296875 0.0484375 0.0484375
0 0.97734375 0.79140625 0.04140625 0.04609375
0 0.98203125 0.66953125 0.0359375 0.02890625
0 0.99375 0.4109375 0.01171875 0.04140625
0 0.96015625 0.39609375 0.06171875 0.04296875
0 0.97421875 0.0703125 0.0515625 0.06171875
0 0.93671875 0.0203125 0.0578125 0.040625
0 0.97734375 0.0296875 0.04453125 0.04609375
0 0.72109375 0.00703125 0.053125 0.0140625