0 0.98359375 0.50546875 0.0328125 0.0546875
0 0.95859375 0.5734375 0.03203125 0.0296875
0 0.840625 0.5171875 0.04921875 0.05390625
0 0.88046875 0.3484375 0.04921875 0.05390625
0 0.89921875 0.28828125 0.04609375 0.05078125
0 0.921875 0.178125 0.04921875 0.05234375
0 0.984375 0.5671875 0.03125 0.0375
0 0.93984375 0.64609375 0.04453125 0.04921875
0 0.96171875 0.67421875 0.04140625 0.04140625
0 0.81328125 0.63828125 0.05078125 0.05546875
0 0.76171875 0.63671875 0.03671875 0.03359375
0 0.746875 0.6890625 0.04140625 0.04609375
0 0.7921875 0.70703125 0.04921875 0.03828125
0 0.9375 0.7203125 0.04296875 0.028125
0 0.9015625 0.74765625 0.03203125 0.04296875
0 0.93046875 0.74296875 0.03828125 0.0296875
0 0.9265625 0.77890625 0.05546875 0.03671875
0 0.9421875 0.80078125 0.0296875 0.03203125
0 0.91640625 0.8109375 0.03203125 0.03359375
0 0.90546875 0.8578125 0.05546875 0.04453125
0 0.765625 0.8125 0.03828125 0.05234375
0 0.75234375 0.86875 0.04609375 0.03828125
0 0.7421875 0.9203125 0.04140625 0.03671875
0 0.69765625 0.9078125 0.028125 0.03984375
0 0.8609375 0.94609375 0.03515625 0.03203125
0 0.90859375 0.9 0.05390625 0.04453125
0 0.90546875 0.92890625 0.03359375 0.03515625
0 0.89296875 0.9546875 0.04296875 0.05546875
0 0.859375 0.975 0.0375 0.05
0 0.8875 0.9890625 0.05703125 0.021875
0 0.77109375 0.02734375 0.0609375 0.0546875
0 0.75078125 0.071875 0.08359375 0.05859375
0 0.75 0.12734375 0.05390625 0.0296875
0 0.7390625 0.10703125 0.05703125 0.0265625
0 0.71484375 0.15390625 0.07265625 0.05859375
0 0.72265625 0.2109375 0.04921875 0.05234375
0 0.6984375 0.28203125 0.05234375 0.04453125
0 0.6609375 0.325 0.04921875 0.04296875
0 0.70859375 0.34453125 0.05078125 0.04609375
0 0.66640625 0.47890625 0.05390625 0.05546875
0 0.60546875 0.6140625 0.04921875 0.04453125
0 0.578125 0.64296875 0.03671875 0.03359375
0 0.540625 0.88671875 0.05234375 0.03671875
0 0.5421875 0.91328125 0.04921875 0.03515625
0 0.5515625 0.978125 0.05625 0.04375
0 0.575 0.77265625 0.04921875 0.04609375
0 0.56328125 0.05390625 0.05703125 0.06015625
0 0.59453125 0.12109375 0.04921875 0.04609375
0 0.575 0.18828125 0.04609375 0.05703125
0 0.51015625 0.25546875 0.04609375 0.05859375
0 0.5 0.3203125 0.05703125 0.05546875
0 0.51171875 0.459375 0.04609375 0.06171875
0 0.48125 0.58515625 0.05390625 0.06328125
0 0.4671875 0.64453125 0.04921875 0.04921875
0 0.45390625 0.70859375 0.04453125 0.05703125
0 0.42734375 0.8265625 0.03515625 0.04296875
0 0.36171875 0.821875 0.03984375 0.04921875
0 0.396875 0.7359375 0.03515625 0.04140625
0 0.3640625 0.72421875 0.05078125 0.04921875
0 0.29453125 0.68828125 0.05078125 0.05390625
0 0.31953125 0.64140625 0.04140625 0.04921875
0 0.4375 0.01640625 0.059375 0.0328125
0 0.43984375 0.0671875 0.06015625 0.03359375
0 0.42421875 0.08984375 0.05390625 0.03828125
0 0.409375 0.11015625 0.05234375 0.04609375
0 0.41796875 0.17265625 0.04140625 0.03515625
0 0.384375 0.178125 0.04453125 0.04921875
0 0.37265625 0.2953125 0.06171875 0.03671875
0 0.35703125 0.3203125 0.04921875 0.03671875
0 0.35390625 0.39609375 0.04921875 0.03359375
0 0.31640625 0.42421875 0.05078125 0.04453125
0 0.35546875 0.428125 0.07109375 0.04609375
0 0.33125 0.46015625 0.08046875 0.04140625
0 0.30625 0.50703125 0.06796875 0.05546875
0 0.12421875 0.60078125 0.03984375 0.04609375
0 0.29296875 0.0625 0.04140625 0.04609375
0 0.2390625 0.078125 0.03828125 0.03671875
0 0.27734375 0.121875 0.04609375 0.04140625
0 0.2453125 0.26640625 0.05390625 0.04921875
0 0.20546875 0.23828125 0.03828125 0.03984375
0 0.19453125 0.27734375 0.04453125 0.03984375
0 0.2234375 0.36875 0.04453125 0.04140625
0 0.17109375 0.39375 0.03828125 0.04140625
0 0.20859375 0.4203125 0.03203125 0.03984375
0 0.1921875 0.48046875 0.05859375 0.04921875
0 0.1390625 0.48984375 0.05390625 0.04609375
0 0.1796875 0.5453125 0.04921875 0.03671875
0 0.16953125 0.58046875 0.04140625 0.04140625
0 0.0953125 0.153125 0.04453125 0.04453125
0 0.07578125 0.1890625 0.03828125 0.04296875
0 0.0703125 0.3015625 0.03671875 0.0265625
0 0.03671875 0.3578125 0.04140625 0.03203125
0 0.03359375 0.38828125 0.03828125 0.04296875
0 0.025 0.48125 0.03203125 0.03828125
0 0.0125 0.49765625 0.025 0.05546875
0 0.04453125 0.53984375 0.04453125 0.03828125
0 0.09140625 0.553125 0.05703125 0.03984375
0 0.040625 0.72421875 0.03671875 0.03671875
0 0.01171875 0.71171875 0.0234375 0.04140625
0 0.0734375 0.853125 0.05859375 0.05703125
0 0.0265625 0.853125 0.04140625 0.05390625
0 0.11328125 0.90546875 0.05234375 0.04921875
0 0.06484375 0.88984375 0.06328125 0.04296875
0 0.21015625 0.98515625 0.05078125 0.0296875
0 0.3125 0.9265625 0.04921875 0.04296875