0 0.0171875 0.1171875 0.034375 0.03125
0 0.0375 0.08359375 0.021875 0.0265625
0 0.06953125 0.07421875 0.0234375 0.0359375
0 0.1640625 0.0640625 0.021875 0.025
0 0.48359375 0.00859375 0.0265625 0.0171875
0 0.5984375 0.0828125 0.053125 0.03125
0 0.60546875 0.0484375 0.0421875 0.03125
0 0.59140625 0.1140625 0.0328125 0.03125
0 0.5859375 0.15234375 0.03125 0.0359375
0 0.4515625 0.11328125 0.025 0.0234375
0 0.484375 0.24296875 0.025 0.0265625
0 0.49765625 0.29609375 0.0296875 0.0359375
0 0.64453125 0.3046875 0.0421875 0.040625
0 0.63359375 0.25234375 0.0609375 0.0390625
0 0.77109375 0.2640625 0.0265625 0.03125
0 0.81640625 0.21484375 0.0203125 0.0296875
0 0.93359375 0.15703125 0.0390625 0.0453125
0 0.9078125 0.07890625 0.028125 0.0453125
0 0.9 0.021875 0.040625 0.04375
0 0.940625 0.26328125 0.03125 0.0390625
0 0.9515625 0.3078125 0.028125 0.025
0 0.96484375 0.37578125 0.0265625 0.0265625
0 0.9703125 0.40859375 0.021875 0.0265625
0 0.69609375 0.44140625 0.0234375 0.0234375
0 0.6453125 0.36484375 0.03125 0.0359375
0 0.6453125 0.396875 0.0375 0.028125
0 0.05546875 0.25703125 0.0515625 0.0671875
0 0.0734375 0.33046875 0.040625 0.0359375
0 0.08125 0.36328125 0.040625 0.0296875
0 0.1 0.3859375 0.0375 0.059375
0 0.06484375 0.39453125 0.0265625 0.0390625
0 0.03828125 0.4078125 0.0265625 0.03125
0 0.03828125 0.4734375 0.0328125 0.034375
0 0.15234375 0.55390625 0.0234375 0.0296875
0 0.015625 0.6125 0.03125 0.03125
0 0.10546875 0.77109375 0.0296875 0.0265625
0 0.01328125 0.74609375 0.0234375 0.0265625
0 0.07109375 0.5765625 0.0171875 0.021875
0 0.190625 0.8421875 0.03125 0.03125
0 0.15546875 0.865625 0.0359375 0.0375
0 0.121875 0.91015625 0.021875 0.0296875
0 0.09453125 0.9125 0.0265625 0.028125
0 0.49140625 0.89140625 0.0328125 0.0265625
0 0.57890625 0.8375 0.0265625 0.025
0 0.61796875 0.76171875 0.0296875 0.0265625
0 0.67109375 0.78359375 0.0265625 0.0234375
0 0.55078125 0.66640625 0.0265625 0.0265625
0 0.503125 0.69375 0.03125 0.025
0 0.46015625 0.56953125 0.0359375 0.0328125
0 0.5171875 0.53828125 0.028125 0.0265625
0 0.60546875 0.490625 0.0265625 0.028125
0 0.71875 0.590625 0.034375 0.03125
0 0.82109375 0.50390625 0.0359375 0.0328125
0 0.86875 0.73828125 0.040625 0.0484375
0 0.73828125 0.74609375 0.0453125 0.0359375
0 0.80390625 0.85234375 0.0234375 0.0234375
0 0.76953125 0.88359375 0.0265625 0.0265625
0 0.74609375 0.87265625 0.0234375 0.0265625
0 0.634375 0.95390625 0.034375 0.0265625
0 0.77265625 0.08515625 0.0203125 0.0171875
0 0.7234375 0.06484375 0.025 0.0265625
0 0.76328125 0.02890625 0.0203125 0.0203125
0 0.2234375 0.24140625 0.040625 0.0359375
0 0.28984375 0.27578125 0.0328125 0.0265625
0 0.29609375 0.3890625 0.0359375 0.040625
0 0.33203125 0.6453125 0.0265625 0.021875
0 0.5171875 0.39921875 0.028125 0.0265625
0 0.50703125 0.34765625 0.0296875 0.0390625