0 0.0203125 0.503125 0.040625 0.053125
0 0.0484375 0.56953125 0.03125 0.0296875
0 0.16484375 0.5140625 0.0484375 0.053125
0 0.12578125 0.346875 0.0484375 0.053125
0 0.10703125 0.2875 0.0453125 0.05
0 0.08515625 0.17890625 0.0484375 0.0515625
0 0.01953125 0.5640625 0.0390625 0.0375
0 0.0671875 0.64140625 0.04375 0.0484375
0 0.0453125 0.66875 0.040625 0.040625
0 0.1921875 0.63359375 0.05 0.0546875
0 0.24296875 0.63203125 0.0359375 0.0328125
0 0.2578125 0.68359375 0.040625 0.0453125
0 0.21328125 0.7015625 0.0484375 0.0375
0 0.06953125 0.7140625 0.0421875 0.028125
0 0.1046875 0.74140625 0.03125 0.0421875
0 0.0765625 0.73671875 0.0375 0.0296875
0 0.08046875 0.77265625 0.0546875 0.0359375
0 0.06484375 0.79375 0.0296875 0.03125
0 0.090625 0.80390625 0.03125 0.0328125
0 0.10078125 0.85 0.0546875 0.04375
0 0.2390625 0.80546875 0.0375 0.0515625
0 0.25234375 0.8609375 0.0453125 0.0375
0 0.2625 0.91171875 0.040625 0.0359375
0 0.30625 0.89921875 0.028125 0.0390625
0 0.1453125 0.9375 0.034375 0.03125
0 0.0984375 0.8921875 0.053125 0.04375
0 0.10078125 0.9203125 0.0328125 0.034375
0 0.11328125 0.94609375 0.0421875 0.0546875
0 0.14765625 0.97109375 0.0359375 0.0578125
0 0.11875 0.984375 0.05625 0.03125
0 0.234375 0.02890625 0.059375 0.0578125
0 0.25390625 0.07421875 0.0828125 0.0578125
0 0.2546875 0.12890625 0.053125 0.0296875
0 0.265625 0.10859375 0.05625 0.0265625
0 0.2890625 0.15546875 0.071875 0.0578125
0 0.28203125 0.21171875 0.0484375 0.0515625
0 0.30546875 0.28125 0.0515625 0.04375
0 0.34296875 0.32421875 0.0484375 0.0421875
0 0.2953125 0.34296875 0.05 0.0453125
0 0.3375 0.47578125 0.053125 0.0546875
0 0.39765625 0.609375 0.0484375 0.04375
0 0.42421875 0.63828125 0.0359375 0.0328125
0 0.46171875 0.87890625 0.0515625 0.0359375
0 0.46015625 0.9046875 0.0484375 0.034375
0 0.4515625 0.97109375 0.05625 0.0453125
0 0.42734375 0.76640625 0.0484375 0.0453125
0 0.4390625 0.05625 0.05625 0.059375
0 0.40859375 0.12265625 0.0484375 0.0453125
0 0.42734375 0.1890625 0.0453125 0.05625
0 0.49140625 0.25546875 0.0453125 0.0578125
0 0.5015625 0.31953125 0.05625 0.0546875
0 0.48984375 0.45703125 0.0453125 0.0609375
0 0.5203125 0.58125 0.053125 0.0625
0 0.53359375 0.63984375 0.0484375 0.0484375
0 0.546875 0.703125 0.04375 0.05625
0 0.5734375 0.81953125 0.034375 0.0421875
0 0.63828125 0.81484375 0.0390625 0.0484375
0 0.603125 0.7296875 0.034375 0.040625
0 0.6359375 0.71796875 0.05 0.0484375
0 0.7046875 0.6828125 0.05 0.053125
0 0.6796875 0.63671875 0.040625 0.0484375
0 0.5640625 0.01796875 0.059375 0.0359375
0 0.5609375 0.06953125 0.059375 0.0328125
0 0.5765625 0.0921875 0.053125 0.0375
0 0.59140625 0.11171875 0.0515625 0.0453125
0 0.5828125 0.1734375 0.040625 0.034375
0 0.615625 0.17890625 0.04375 0.0484375
0 0.62734375 0.29453125 0.0609375 0.0359375
0 0.64296875 0.31953125 0.0484375 0.0359375
0 0.64609375 0.39453125 0.0484375 0.0328125
0 0.6828125 0.421875 0.05 0.04375
0 0.64453125 0.42578125 0.0703125 0.0453125
0 0.66796875 0.4578125 0.0796875 0.040625
0 0.69296875 0.50390625 0.0671875 0.0546875
0 0.87265625 0.59609375 0.0390625 0.0453125
0 0.70625 0.06484375 0.040625 0.0453125
0 0.759375 0.08046875 0.0375 0.0359375
0 0.72109375 0.1234375 0.0453125 0.040625
0 0.753125 0.26640625 0.053125 0.0484375
0 0.7921875 0.23828125 0.0375 0.0390625
0 0.803125 0.27734375 0.04375 0.0390625
0 0.775 0.3671875 0.04375 0.040625
0 0.8265625 0.3921875 0.0375 0.040625
0 0.7890625 0.41796875 0.03125 0.0390625
0 0.80546875 0.47734375 0.0578125 0.0484375
0 0.8578125 0.48671875 0.053125 0.0453125
0 0.81796875 0.54140625 0.0484375 0.0359375
0 0.828125 0.5765625 0.040625 0.040625
0 0.9015625 0.1546875 0.04375 0.04375
0 0.9203125 0.18984375 0.0375 0.0421875
0 0.92578125 0.30078125 0.0359375 0.0265625
0 0.959375 0.35625 0.040625 0.03125
0 0.9625 0.38671875 0.0375 0.0421875
0 0.9703125 0.478125 0.03125 0.0375
0 0.98515625 0.49453125 0.0296875 0.0546875
0 0.9515625 0.5359375 0.04375 0.0375
0 0.9046875 0.54921875 0.05625 0.0390625
0 0.95546875 0.71796875 0.0359375 0.0359375
0 0.98515625 0.70625 0.0265625 0.040625
0 0.92265625 0.8453125 0.0578125 0.05625
0 0.96875 0.8453125 0.040625 0.053125
0 0.88359375 0.89765625 0.0515625 0.0484375
0 0.93125 0.88203125 0.0625 0.0421875
0 0.7875 0.98046875 0.05 0.0390625
0 0.68671875 0.91796875 0.0484375 0.0421875