0 0.0296875 0.8875 0.05 0.03515625
0 0.08515625 0.91171875 0.0421875 0.03515625
0 0.134375 0.93125 0.046875 0.0453125
0 0.18671875 0.95078125 0.0421875 0.03984375
0 0.23515625 0.96953125 0.02109375 0.02890625
0 0.23671875 0.825 0.0640625 0.0578125
0 0.1625 0.79765625 0.0578125 0.0609375
0 0.04609375 0.7625 0.04375 0.05
0 0.26640625 0.70703125 0.06875 0.0671875
0 0.18125 0.6203125 0.09140625 0.0546875
0 0.2203125 0.65 0.0640625 0.065625
0 0.27890625 0.665625 0.08203125 0.0546875
0 0.29609375 0.621875 0.08359375 0.07734375
0 0.16875 0.58359375 0.0578125 0.07421875
0 0.2015625 0.57890625 0.059375 0.0546875
0 0.4734375 0.6796875 0.046875 0.0546875
0 0.4953125 0.98125 0.0546875 0.03671875
0 0.646875 0.87734375 0.05625 0.046875
0 0.76171875 0.94453125 0.0453125 0.053125
0 0.9328125 0.75859375 0.0453125 0.03515625
0 0.9875 0.7328125 0.025 0.034375
0 0.69140625 0.74765625 0.03828125 0.0421875
0 0.8015625 0.6796875 0.04375 0.03828125
0 0.7421875 0.64609375 0.03984375 0.03515625
0 0.7 0.62265625 0.03984375 0.03671875
0 0.78515625 0.6171875 0.03984375 0.0421875
0 0.69296875 0.56484375 0.03828125 0.03359375
0 0.48203125 0.49609375 0.0421875 0.05
0 0.4515625 0.4765625 0.0421875 0.046875
0 0.48671875 0.45625 0.05 0.0421875
0 0.50234375 0.40703125 0.0625 0.0609375
0 0.3046875 0.3828125 0.05625 0.0546875
0 0.20390625 0.390625 0.07109375 0.0609375
0 0.04609375 0.31640625 0.059375 0.0640625
0 0.15625 0.33046875 0.0640625 0.053125
0 0.2015625 0.34375 0.0625 0.0546875
0 0.35625 0.29296875 0.03359375 0.0421875
0 0.36484375 0.215625 0.0515625 0.03828125
0 0.03125 0.2140625 0.05 0.0515625
0 0.0234375 0.1703125 0.046875 0.0671875
0 0.009375 0.20390625 0.01875 0.0328125
0 0.06875 0.171875 0.07109375 0.07421875
0 0.08984375 0.1171875 0.0640625 0.0578125
0 0.11640625 0.0375 0.0640625 0.075
0 0.11640625 0.0890625 0.06875 0.053125
0 0.0703125 0.06640625 0.05 0.04375
0 0.0359375 0.0859375 0.071875 0.090625
0 0.02734375 0.12890625 0.0546875 0.0421875
0 0.35625 0.01953125 0.03984375 0.03828125
0 0.32421875 0.01484375 0.03984375 0.02890625
0 0.4671875 0.059375 0.03671875 0.03203125
0 0.55546875 0.09921875 0.03359375 0.03984375
0 0.5765625 0.06015625 0.04375 0.03984375
0 0.61875 0.07421875 0.02578125 0.03203125
0 0.85703125 0.034375 0.03828125 0.046875
0 0.88203125 0.059375 0.03359375 0.0421875
0 0.88671875 0.2546875 0.03671875 0.03046875
0 0.61875 0.25390625 0.03515625 0.0421875
0 0.52265625 0.2703125 0.0609375 0.0421875
0 0.48203125 0.33984375 0.08359375 0.059375
0 0.78046875 0.328125 0.05 0.0515625
0 0.825 0.35703125 0.0546875 0.0609375
0 0.88828125 0.36328125 0.02734375 0.02265625
0 0.87421875 0.3859375 0.03828125 0.03515625
0 0.9375 0.42890625 0.0578125 0.0421875
0 0.8953125 0.4046875 0.03203125 0.046875
0 0.97578125 0.44296875 0.0484375 0.065625
0 0.95078125 0.4 0.03359375 0.03515625
0 0.79765625 0.4828125 0.0421875 0.03671875