0 0.0046875 0.93359375 0.009375 0.0390625
0 0.1 0.94453125 0.0234375 0.02734375
0 0.4453125 0.99765625 0.02890625 0.0046875
0 0.56953125 0.92421875 0.0578125 0.03359375
0 0.5765625 0.9609375 0.0453125 0.03359375
0 0.56171875 0.88984375 0.03515625 0.03359375
0 0.55546875 0.8484375 0.03359375 0.0390625
0 0.41015625 0.89140625 0.02734375 0.025
0 0.44609375 0.75078125 0.02734375 0.02890625
0 0.46015625 0.69375 0.03203125 0.0390625
0 0.61875 0.684375 0.0453125 0.04375
0 0.60703125 0.740625 0.065625 0.0421875
0 0.75625 0.728125 0.02890625 0.03359375
0 0.8046875 0.78125 0.021875 0.03203125
0 0.93125 0.84375 0.0421875 0.04921875
0 0.90390625 0.928125 0.03046875 0.04921875
0 0.8953125 0.9828125 0.04375 0.03359375
0 0.9390625 0.72890625 0.03359375 0.0421875
0 0.95078125 0.68046875 0.03046875 0.02734375
0 0.965625 0.60703125 0.02890625 0.02890625
0 0.97109375 0.571875 0.0234375 0.02890625
0 0.675 0.5359375 0.025 0.025
0 0.6203125 0.61875 0.03359375 0.0390625
0 0.6203125 0.584375 0.040625 0.03046875
0 0.01171875 0.65625 0.0234375 0.0390625
0 0.01640625 0.62109375 0.03203125 0.03203125
0 0.03046875 0.59609375 0.040625 0.0640625
0 0.003125 0.58671875 0.00625 0.0421875
0 0.08671875 0.41484375 0.025 0.03203125
0 0.0359375 0.1796875 0.03203125 0.02890625
0 0.00390625 0.38984375 0.0078125 0.0234375
0 0.128125 0.103125 0.03359375 0.03359375
0 0.090625 0.07734375 0.0390625 0.040625
0 0.05390625 0.0296875 0.0234375 0.03203125
0 0.02421875 0.02734375 0.02890625 0.03046875
0 0.45390625 0.05 0.03515625 0.02890625
0 0.5484375 0.1078125 0.02890625 0.02734375
0 0.590625 0.18984375 0.03203125 0.02890625
0 0.64765625 0.16640625 0.02890625 0.025
0 0.51796875 0.29296875 0.02890625 0.02890625
0 0.46640625 0.26328125 0.03359375 0.02734375
0 0.41953125 0.39765625 0.0390625 0.03515625
0 0.48125 0.43125 0.03046875 0.02890625
0 0.5765625 0.4828125 0.02890625 0.03046875
0 0.69921875 0.375 0.0375 0.03359375
0 0.81015625 0.46875 0.0390625 0.03515625
0 0.86171875 0.215625 0.04375 0.05234375
0 0.7203125 0.20703125 0.04921875 0.0390625
0 0.79140625 0.0921875 0.025 0.025
0 0.75390625 0.05859375 0.02890625 0.02890625
0 0.72890625 0.0703125 0.025 0.02890625
0 0.7578125 0.92109375 0.021875 0.01875
0 0.7046875 0.94375 0.02734375 0.02890625
0 0.74765625 0.98203125 0.021875 0.021875
0 0.1640625 0.75234375 0.04375 0.0390625
0 0.2359375 0.715625 0.03515625 0.02890625
0 0.2421875 0.59296875 0.0390625 0.04375
0 0.28125 0.315625 0.02890625 0.0234375
0 0.48125 0.58203125 0.03046875 0.02890625
0 0.4703125 0.6375 0.03203125 0.0421875