0 0.8515625 0.05 0.06796875 0.053125
0 0.790625 0.04609375 0.07578125 0.0578125
0 0.859375 0.01015625 0.0359375 0.0203125
0 0.809375 0.00859375 0.04375 0.0171875
0 0.54609375 0.0171875 0.0484375 0.03125
0 0.56875 0.0890625 0.06796875 0.0515625
0 0.55546875 0.05390625 0.07734375 0.07109375
0 0.5078125 0.03046875 0.05625 0.0609375
0 0.434375 0.02890625 0.08046875 0.0578125
0 0.29921875 0.046875 0.0578125 0.059375
0 0.35859375 0.02578125 0.06640625 0.0515625
0 0.2546875 0.134375 0.05 0.0484375
0 0.11015625 0.12890625 0.07578125 0.06328125
0 0.05390625 0.0734375 0.0421875 0.0359375
0 0.0546875 0.0390625 0.05 0.040625
0 0.11484375 0.034375 0.05 0.04375
0 0.10859375 0.0796875 0.053125 0.0453125
0 0.03828125 0.1375 0.0359375 0.0296875
0 0.034375 0.19375 0.05 0.0375
0 0.046875 0.234375 0.040625 0.04375
0 0.01484375 0.2328125 0.0296875 0.05
0 0.0421875 0.28359375 0.053125 0.0484375
0 0.0390625 0.33046875 0.059375 0.04375
0 0.03203125 0.36796875 0.0640625 0.0609375
0 0.09296875 0.28828125 0.021875 0.0234375
0 0.25 0.19921875 0.034375 0.0359375
0 0.29921875 0.2421875 0.06796875 0.053125
0 0.35859375 0.175 0.05625 0.0421875
0 0.33984375 0.21484375 0.0375 0.0453125
0 0.375 0.225 0.0578125 0.06640625
0 0.4921875 0.19140625 0.05625 0.0484375
0 0.44921875 0.23125 0.0578125 0.07265625
0 0.4078125 0.21484375 0.0359375 0.0421875
0 0.40078125 0.25859375 0.05625 0.0515625
0 0.41953125 0.2875 0.053125 0.05625
0 0.384375 0.3078125 0.0484375 0.053125
0 0.58984375 0.4703125 0.08203125 0.10703125
0 0.634375 0.46328125 0.07421875 0.10859375
0 0.6546875 0.39765625 0.0453125 0.07265625
0 0.990625 0.08125 0.01875 0.0328125
0 0.9953125 0.0546875 0.009375 0.021875
0 0.984375 0.12578125 0.03125 0.05
0 0.9734375 0.16875 0.053125 0.0546875
0 0.98203125 0.215625 0.0359375 0.040625
0 0.978125 0.2484375 0.040625 0.03125
0 0.86484375 0.25546875 0.0375 0.0359375
0 0.7671875 0.2796875 0.05625 0.05625
0 0.71796875 0.21328125 0.0484375 0.0484375
0 0.671875 0.2203125 0.0515625 0.040625
0 0.671875 0.2546875 0.0484375 0.040625
0 0.71171875 0.253125 0.0453125 0.053125
0 0.6671875 0.28984375 0.0609375 0.0390625
0 0.65234375 0.321875 0.04375 0.0390625
0 0.69609375 0.30703125 0.0453125 0.0453125
0 0.68828125 0.33984375 0.08046875 0.05
0 0.85234375 0.4203125 0.06328125 0.0578125
0 0.809375 0.40546875 0.06640625 0.07265625
0 0.75078125 0.3859375 0.07109375 0.09921875
0 0.71484375 0.41328125 0.09296875 0.059375
0 0.6859375 0.384375 0.0546875 0.0609375
0 0.95625 0.39375 0.07265625 0.07109375
0 0.8984375 0.01015625 0.0265625 0.0203125
0 0.75 0.5671875 0.06328125 0.0609375
0 0.978125 0.8203125 0.04375 0.0609375
0 0.990625 0.709375 0.01875 0.053125
0 0.71796875 0.671875 0.0453125 0.07109375
0 0.7828125 0.61875 0.09765625 0.0578125
0 0.7921875 0.67578125 0.08515625 0.06328125
0 0.746875 0.640625 0.0375 0.06484375
0 0.72421875 0.74609375 0.07421875 0.08359375
0 0.99140625 0.86796875 0.0171875 0.053125
0 0.978125 0.92890625 0.04375 0.07265625
0 0.96953125 0.9796875 0.0609375 0.040625
0 0.75078125 0.96171875 0.06484375 0.06484375
0 0.7 0.9515625 0.05 0.059375
0 0.6484375 0.9796875 0.07734375 0.040625
0 0.6078125 0.94921875 0.06484375 0.06796875
0 0.609375 0.90546875 0.06484375 0.04375
0 0.54375 0.665625 0.05 0.0578125
0 0.50546875 0.6515625 0.06484375 0.10546875
0 0.46640625 0.65859375 0.0390625 0.06953125
0 0.43125 0.64453125 0.0515625 0.08203125
0 0.390625 0.65 0.08046875 0.09921875
0 0.31484375 0.646875 0.08515625 0.09296875
0 0.2828125 0.615625 0.040625 0.0359375
0 0.2453125 0.60234375 0.059375 0.05625
0 0.38984375 0.4609375 0.04375 0.05
0 0.42734375 0.44453125 0.04375 0.0453125
0 0.41328125 0.40546875 0.05 0.05625
0 0.37578125 0.3734375 0.06328125 0.06484375
0 0.34609375 0.43203125 0.08515625 0.08828125
0 0.3109375 0.38828125 0.059375 0.07265625
0 0.26328125 0.38515625 0.0546875 0.06640625
0 0.271875 0.440625 0.034375 0.03125
0 0.2359375 0.43515625 0.04375 0.040625
0 0.27890625 0.2890625 0.0546875 0.053125
0 0.2796875 0.325 0.034375 0.0390625
0 0.06875 0.47734375 0.07109375 0.0609375
0 0.06328125 0.52578125 0.059375 0.0421875
0 0.05625 0.56875 0.06328125 0.0515625
0 0.04921875 0.66015625 0.0484375 0.053125
0 0.04296875 0.71171875 0.0359375 0.0359375
0 0.17890625 0.8109375 0.053125 0.04375
0 0.2375 0.81875 0.040625 0.0453125
0 0.2765625 0.83671875 0.06640625 0.06953125
0 0.2359375 0.86015625 0.0375 0.040625
0 0.2015625 0.89453125 0.06640625 0.05
0 0.18671875 0.76875 0.028125 0.03125
0 0.378125 0.92890625 0.10234375 0.11640625
0 0.3109375 0.915625 0.06640625 0.10859375
0 0.2578125 0.9328125 0.06328125 0.08984375
0 0.20078125 0.94921875 0.0546875 0.07734375
0 0.15703125 0.778125 0.03125 0.03125
0 0.0765625 0.425 0.0265625 0.0265625