0 0.11171875 0.053125 0.0515625 0.04375
0 0.2140625 0.1484375 0.04375 0.040625
0 0.06015625 0.1875 0.0578125 0.05625
0 0.084375 0.27734375 0.075 0.0515625
0 0.23828125 0.365625 0.0328125 0.040625
0 0.10390625 0.49375 0.0453125 0.04375
0 0.13671875 0.490625 0.0421875 0.040625
0 0.1984375 0.52265625 0.0875 0.0671875
0 0.1875 0.48359375 0.0375 0.0359375
0 0.24375 0.50859375 0.053125 0.0765625
0 0.27265625 0.07109375 0.0578125 0.0453125
0 0.2765625 0.12890625 0.08125 0.0828125
0 0.2890625 0.178125 0.053125 0.05625
0 0.334375 0.56796875 0.0625 0.0578125
0 0.33671875 0.634375 0.0671875 0.065625
0 0.33671875 0.684375 0.0578125 0.0625
0 0.34609375 0.74921875 0.0578125 0.0578125
0 0.36640625 0.78125 0.0703125 0.075
0 0.021875 0.80078125 0.04375 0.0890625
0 0.0265625 0.88359375 0.053125 0.0703125
0 0.3734375 0.85390625 0.084375 0.0671875
0 0.37890625 0.909375 0.0890625 0.09375
0 0.5140625 0.978125 0.059375 0.04375
0 0.43671875 0.021875 0.0796875 0.04375
0 0.44921875 0.0578125 0.0796875 0.071875
0 0.49765625 0.040625 0.0640625 0.0625
0 0.72734375 0.03828125 0.0421875 0.0421875
0 0.8640625 0.015625 0.103125 0.03125
0 0.78515625 0.01171875 0.0421875 0.0234375
0 0.89296875 0.0421875 0.0453125 0.040625
0 0.94453125 0.16015625 0.0546875 0.0515625
0 0.68515625 0.2828125 0.0640625 0.059375
0 0.52578125 0.06953125 0.0765625 0.0453125
0 0.53359375 0.1 0.0796875 0.06875
0 0.4359375 0.09375 0.0625 0.05
0 0.490625 0.11953125 0.059375 0.0578125
0 0.44453125 0.1359375 0.0703125 0.0625
0 0.31484375 0.978125 0.0890625 0.04375
0 0.44921875 0.31640625 0.0796875 0.0703125
0 0.46875 0.19140625 0.09375 0.0765625
0 0.578125 0.15234375 0.05 0.0453125
0 0.5765625 0.1890625 0.05625 0.040625
0 0.63359375 0.19296875 0.0546875 0.0671875
0 0.5296875 0.22109375 0.053125 0.0578125
0 0.5984375 0.26171875 0.10625 0.1046875
0 0.56875 0.2125 0.059375 0.0375
0 0.9828125 0.1390625 0.034375 0.09375
0 0.4328125 0.4265625 0.08125 0.071875
0 0.52265625 0.42578125 0.0671875 0.0609375
0 0.6234375 0.42265625 0.065625 0.0578125
0 0.70546875 0.4203125 0.0609375 0.053125
0 0.7734375 0.421875 0.0625 0.05625
0 0.7828125 0.48515625 0.071875 0.0671875
0 0.71484375 0.475 0.0671875 0.0625
0 0.64921875 0.48203125 0.0640625 0.0546875
0 0.5625 0.478125 0.06875 0.05625
0 0.4890625 0.48046875 0.06875 0.0703125
0 0.47578125 0.57265625 0.0828125 0.0671875
0 0.525 0.62265625 0.06875 0.0546875
0 0.7078125 0.59765625 0.071875 0.0703125
0 0.56484375 0.67890625 0.0640625 0.0578125
0 0.6765625 0.64765625 0.059375 0.0703125
0 0.63125 0.6671875 0.071875 0.059375
0 0.61640625 0.7078125 0.0640625 0.065625
0 0.5640625 0.73046875 0.053125 0.0453125
0 0.625 0.79453125 0.084375 0.0703125
0 0.775 0.8265625 0.053125 0.053125
0 0.615625 0.8796875 0.065625 0.059375
0 0.515625 0.97734375 0.06875 0.0421875
0 0.90859375 0.41953125 0.0640625 0.0671875
0 0.87734375 0.48203125 0.0609375 0.0546875
0 0.9734375 0.41875 0.053125 0.071875
0 0.93125 0.4796875 0.06875 0.065625
0 0.86875 0.59453125 0.05 0.0484375
0 0.87265625 0.6265625 0.0578125 0.0375
0 0.8640625 0.7109375 0.053125 0.0625
0 0.86171875 0.65234375 0.0453125 0.0609375
0 0.90234375 0.6625 0.0484375 0.075
0 0.95078125 0.66015625 0.0484375 0.0578125
0 0.90625 0.71875 0.05625 0.065625
0 0.9390625 0.7109375 0.04375 0.053125
0 0.97421875 0.678125 0.0515625 0.075
0 0.98046875 0.48203125 0.0390625 0.0734375
0 0.85 0.96015625 0.05 0.0796875
0 0.90859375 0.97578125 0.0671875 0.0484375
0 0.96953125 0.9421875 0.0609375 0.053125
0 0.96640625 0.97421875 0.0671875 0.0515625
0 0.68984375 0.19375 0.0890625 0.06875