0 0.97578125 0.01640625 0.0484375 0.0328125
0 0.97109375 0.07109375 0.0578125 0.04921875
0 0.96640625 0.1234375 0.0671875 0.059375
0 0.96484375 0.178125 0.0640625 0.06875
0 0.8921875 0.37421875 0.0171875 0.02109375
0 0.925 0.38203125 0.02265625 0.02265625
0 0.990625 0.2453125 0.01875 0.03125
0 0.8828125 0.45390625 0.02734375 0.02578125
0 0.92578125 0.45390625 0.02421875 0.02578125
0 0.91875 0.5328125 0.02578125 0.02734375
0 0.871875 0.53359375 0.02265625 0.01953125
0 0.86328125 0.60859375 0.03671875 0.03515625
0 0.90078125 0.621875 0.03203125 0.03671875
0 0.93125 0.63203125 0.03203125 0.04921875
0 0.96640625 0.63828125 0.04140625 0.04921875
0 0.99296875 0.634375 0.0140625 0.03515625
0 0.89765625 0.68828125 0.04140625 0.03515625
0 0.8609375 0.69140625 0.02265625 0.02265625
0 0.79921875 0.61796875 0.02734375 0.02890625
0 0.9125 0.7515625 0.01953125 0.0140625
0 0.83984375 0.74609375 0.0171875 0.01953125
0 0.85859375 0.72890625 0.02734375 0.02734375
0 0.89296875 0.725 0.03828125 0.04453125
0 0.890625 0.80625 0.05625 0.05234375
0 0.83671875 0.80859375 0.0609375 0.0640625
0 0.80234375 0.803125 0.02734375 0.03828125
0 0.84609375 0.8828125 0.10078125 0.09140625
0 0.78515625 0.915625 0.04921875 0.0546875
0 0.73828125 0.88359375 0.0578125 0.04140625
0 0.746875 0.80859375 0.04296875 0.04453125
0 0.721875 0.925 0.02578125 0.02578125
0 0.85078125 0.97421875 0.04296875 0.04453125
0 0.9953125 0.98828125 0.009375 0.0234375
0 0.6953125 0.95 0.02734375 0.03359375
0 0.72265625 0.96953125 0.02734375 0.03828125
0 0.78203125 0.97421875 0.03359375 0.03515625
0 0.58125 0.94765625 0.03515625 0.03515625
0 0.59296875 0.80625 0.03203125 0.04296875
0 0.603125 0.7625 0.02421875 0.03671875
0 0.70859375 0.63515625 0.04296875 0.02734375
0 0.728125 0.61171875 0.04453125 0.04140625
0 0.73125 0.57265625 0.0546875 0.03671875
0 0.73359375 0.5109375 0.03203125 0.0640625
0 0.753125 0.45390625 0.04609375 0.03828125
0 0.74609375 0.40078125 0.0640625 0.0578125
0 0.75234375 0.35703125 0.03515625 0.04609375
0 0.64140625 0.23359375 0.02734375 0.02890625
0 0.721875 0.13671875 0.0765625 0.09453125
0 0.734375 0.01953125 0.04921875 0.03828125
0 0.55625 0.09375 0.0734375 0.084375
0 0.42734375 0.08671875 0.071875 0.065625
0 0.34140625 0.07265625 0.04921875 0.03984375
0 0.38828125 0.18125 0.04140625 0.04609375
0 0.4234375 0.18203125 0.03515625 0.03828125
0 0.4640625 0.18671875 0.059375 0.05078125
0 0.51171875 0.1953125 0.04921875 0.03671875
0 0.28359375 0.08203125 0.02734375 0.02421875
0 0.26328125 0.0734375 0.02578125 0.02265625
0 0.240625 0.06015625 0.02421875 0.03046875
0 0.28359375 0.10625 0.02734375 0.02734375
0 0.30234375 0.17109375 0.06875 0.0609375
0 0.33359375 0.21953125 0.04140625 0.071875
0 0.29296875 0.246875 0.04609375 0.03671875
0 0.2953125 0.27578125 0.05078125 0.03671875
0 0.28359375 0.315625 0.03671875 0.059375
0 0.3078125 0.340625 0.05625 0.0578125
0 0.34765625 0.3953125 0.05625 0.04921875
0 0.2859375 0.38984375 0.0609375 0.05078125
0 0.2671875 0.43984375 0.03359375 0.04921875
0 0.27265625 0.52578125 0.02734375 0.05078125
0 0.29765625 0.54609375 0.03046875 0.03203125
0 0.290625 0.63046875 0.03828125 0.08125
0 0.33125 0.63203125 0.04609375 0.04296875
0 0.28828125 0.69375 0.059375 0.059375
0 0.26875 0.83515625 0.03828125 0.03828125
0 0.32109375 0.8421875 0.05078125 0.03515625
0 0.2109375 0.8484375 0.02265625 0.02890625
0 0.2734375 0.90078125 0.02578125 0.01953125
0 0.38203125 0.925 0.03203125 0.02890625
0 0.409375 0.9125 0.02109375 0.01953125
0 0.465625 0.85546875 0.04921875 0.03359375
0 0.496875 0.94453125 0.0546875 0.05234375
0 0.52890625 0.8609375 0.03203125 0.03515625
0 0.54609375 0.8234375 0.02578125 0.02734375
0 0.5484375 0.66484375 0.059375 0.0609375
0 0.60703125 0.62578125 0.02265625 0.02109375
0 0.5609375 0.55234375 0.02890625 0.03828125
0 0.62109375 0.475 0.02890625 0.03046875
0 0.58984375 0.3515625 0.02265625 0.02265625
0 0.6296875 0.32421875 0.02890625 0.02578125
0 0.5921875 0.28046875 0.03359375 0.03046875
0 0.0203125 0.81015625 0.03984375 0.05078125
0 0.01640625 0.71953125 0.0328125 0.0453125
0 0.03828125 0.63515625 0.0578125 0.04921875
0 0.08125 0.41171875 0.03203125 0.02734375
0 0.103125 0.41796875 0.0171875 0.02421875
0 0.11640625 0.3671875 0.03203125 0.03515625
0 0.15 0.3671875 0.02890625 0.03203125
0 0.11953125 0.4203125 0.01953125 0.02578125
0 0.1359375 0.4203125 0.02265625 0.03515625
0 0.16953125 0.4203125 0.03203125 0.03515625
0 0.121875 0.12265625 0.02421875 0.02890625
0 0.14453125 0.084375 0.02734375 0.03203125
0 0.17109375 0.13828125 0.02265625 0.02734375
0 0.18125 0.05 0.03671875 0.02734375
0 0.178125 0.25390625 0.02734375 0.02890625
0 0.0546875 0.878125 0.02890625 0.02734375