0 0.84296875 0.97265625 0.07109375 0.0546875
0 0.77890625 0.9734375 0.0796875 0.053125
0 0.52109375 0.99609375 0.0515625 0.0078125
0 0.54375 0.9328125 0.07109375 0.0546875
0 0.53046875 0.965625 0.08125 0.06796875
0 0.48046875 0.98125 0.0609375 0.0375
0 0.403125 0.9828125 0.084375 0.034375
0 0.26015625 0.97265625 0.06171875 0.0546875
0 0.321875 0.9859375 0.06953125 0.028125
0 0.2125 0.884375 0.053125 0.0515625
0 0.06015625 0.890625 0.0796875 0.06640625
0 0.01171875 0.94921875 0.0234375 0.03828125
0 0.0140625 0.98203125 0.028125 0.0359375
0 0.065625 0.98359375 0.053125 0.0328125
0 0.0578125 0.94296875 0.05625 0.0484375
0 0.0078125 0.77890625 0.01484375 0.046875
0 0.00859375 0.7265625 0.01640625 0.0515625
0 0.00859375 0.678125 0.01640625 0.046875
0 0.04140625 0.721875 0.0234375 0.025
0 0.2078125 0.81640625 0.03671875 0.03828125
0 0.26015625 0.77109375 0.07109375 0.05625
0 0.321875 0.84140625 0.06015625 0.04453125
0 0.30234375 0.8 0.03984375 0.0484375
0 0.33984375 0.7890625 0.06171875 0.06953125
0 0.46328125 0.825 0.06015625 0.0515625
0 0.41796875 0.78203125 0.06171875 0.0765625
0 0.37421875 0.8 0.03828125 0.04453125
0 0.3671875 0.753125 0.06015625 0.0546875
0 0.38671875 0.72265625 0.05625 0.06015625
0 0.35 0.70078125 0.0515625 0.05625
0 0.56640625 0.5296875 0.08671875 0.11328125
0 0.6140625 0.5375 0.078125 0.11484375
0 0.63515625 0.60625 0.0484375 0.0765625
0 0.98984375 0.94140625 0.0203125 0.03515625
0 0.9953125 0.96953125 0.009375 0.0234375
0 0.98359375 0.89375 0.0328125 0.053125
0 0.971875 0.84765625 0.05625 0.0578125
0 0.98125 0.8 0.0375 0.04375
0 0.9765625 0.7640625 0.04296875 0.03359375
0 0.85703125 0.75703125 0.03984375 0.03828125
0 0.75390625 0.73125 0.06015625 0.06015625
0 0.7015625 0.8015625 0.0515625 0.0515625
0 0.65390625 0.79375 0.0546875 0.04296875
0 0.65390625 0.7578125 0.0515625 0.04296875
0 0.6953125 0.759375 0.0484375 0.05625
0 0.6484375 0.7203125 0.06484375 0.04140625
0 0.6328125 0.68671875 0.046875 0.04140625
0 0.67890625 0.7015625 0.0484375 0.0484375
0 0.6703125 0.66796875 0.084375 0.053125
0 0.84375 0.58203125 0.06640625 0.06171875
0 0.79921875 0.59765625 0.06953125 0.0765625
0 0.73671875 0.61875 0.075 0.1046875
0 0.6984375 0.58984375 0.09765625 0.06328125
0 0.66875 0.6203125 0.0578125 0.06484375
0 0.953125 0.61015625 0.0765625 0.075
0 0.7359375 0.428125 0.06640625 0.06484375
0 0.9765625 0.16015625 0.046875 0.06484375
0 0.98984375 0.27734375 0.0203125 0.05625
0 0.7015625 0.31640625 0.0484375 0.075
0 0.77109375 0.37265625 0.103125 0.06171875
0 0.78046875 0.3125 0.08984375 0.06640625
0 0.7328125 0.35 0.03984375 0.06796875
0 0.70859375 0.23828125 0.078125 0.08828125
0 0.990625 0.109375 0.01796875 0.05625
0 0.9765625 0.04453125 0.046875 0.0765625
0 0.96796875 0.0078125 0.0640625 0.0125
0 0.73671875 0.02265625 0.06796875 0.04453125
0 0.6828125 0.0265625 0.053125 0.053125
0 0.62890625 0.00703125 0.08125 0.01328125
0 0.58671875 0.03046875 0.0671875 0.0609375
0 0.5875 0.06953125 0.06796875 0.046875
0 0.51796875 0.3234375 0.053125 0.06171875
0 0.47734375 0.33828125 0.06796875 0.1109375
0 0.4359375 0.33046875 0.04140625 0.0734375
0 0.39921875 0.3453125 0.0546875 0.08671875
0 0.35625 0.33984375 0.084375 0.1046875
0 0.27578125 0.34296875 0.08984375 0.09765625
0 0.2421875 0.3765625 0.04296875 0.03828125
0 0.20234375 0.390625 0.06328125 0.06015625
0 0.35546875 0.53984375 0.046875 0.053125
0 0.3953125 0.55703125 0.046875 0.0484375
0 0.38046875 0.59765625 0.053125 0.06015625
0 0.340625 0.63203125 0.06640625 0.06796875
0 0.30859375 0.56953125 0.08984375 0.09296875
0 0.27265625 0.61640625 0.06328125 0.0765625
0 0.221875 0.61953125 0.0578125 0.06953125
0 0.23125 0.56171875 0.03671875 0.03359375
0 0.19296875 0.56640625 0.046875 0.04296875
0 0.23828125 0.72109375 0.0578125 0.05625
0 0.2390625 0.68359375 0.03671875 0.04140625
0 0.0265625 0.52265625 0.053125 0.06484375
0 0.02109375 0.47109375 0.04140625 0.04453125
0 0.01875 0.42578125 0.0375 0.0546875
0 0.0109375 0.32890625 0.021875 0.05625
0 0.0046875 0.27578125 0.009375 0.0390625
0 0.1328125 0.16953125 0.05625 0.046875
0 0.19453125 0.16171875 0.04296875 0.0484375
0 0.2359375 0.14296875 0.06953125 0.0734375
0 0.19296875 0.11796875 0.03984375 0.04296875
0 0.15625 0.08125 0.06953125 0.053125
0 0.14140625 0.2140625 0.0296875 0.03359375
0 0.34296875 0.053125 0.1078125 0.10625
0 0.27265625 0.05859375 0.06953125 0.11484375
0 0.21640625 0.04453125 0.0671875 0.0890625
0 0.15546875 0.0328125 0.0578125 0.065625
0 0.109375 0.2046875 0.03359375 0.03359375
0 0.02421875 0.57734375 0.028125 0.028125