0 0.16875 0.8625 0.08046875 0.08203125
0 0.2625 0.8078125 0.07265625 0.06484375
0 0.33515625 0.9796875 0.0921875 0.040625
0 0.36953125 0.92109375 0.08046875 0.07265625
0 0.52265625 0.9609375 0.05546875 0.06796875
0 0.61484375 0.98203125 0.0859375 0.0359375
0 0.68203125 0.98515625 0.06015625 0.0296875
0 0.89453125 0.8671875 0.04296875 0.03828125
0 0.94765625 0.84921875 0.06640625 0.08046875
0 0.6078125 0.85625 0.08515625 0.08203125
0 0.37265625 0.6453125 0.04921875 0.04453125
0 0.209375 0.50859375 0.07109375 0.07734375
0 0.015625 0.4921875 0.03125 0.05625
0 0.01640625 0.8171875 0.0328125 0.05
0 0.82109375 0.84140625 0.1046875 0.07578125
0 0.371875 0.5859375 0.06328125 0.08046875
0 0.40390625 0.39140625 0.140625 0.121875
0 0.4015625 0.32265625 0.08828125 0.06328125
0 0.3703125 0.25390625 0.05390625 0.06796875
0 0.21796875 0.42109375 0.09140625 0.1015625
0 0.0203125 0.446875 0.040625 0.028125
0 0.015625 0.41171875 0.03125 0.0515625
0 0.025 0.33046875 0.05 0.1015625
0 0.0484375 0.28671875 0.07109375 0.06953125
0 0.034375 0.23125 0.06796875 0.08515625
0 0.03984375 0.15859375 0.07890625 0.0984375
0 0.03515625 0.0734375 0.06953125 0.125
0 0.25859375 0.0390625 0.08359375 0.07734375
0 0.2375 0.16875 0.1046875 0.08046875
0 0.23671875 0.22578125 0.07734375 0.06484375
0 0.415625 0.21796875 0.1 0.06953125
0 0.4375 0.159375 0.09296875 0.08359375
0 0.41796875 0.103125 0.1265625 0.1046875
0 0.6671875 0.16484375 0.08046875 0.06640625
0 0.4421875 0.03203125 0.103125 0.06328125
0 0.9921875 0.88515625 0.015625 0.08671875
0 0.59296875 0.74453125 0.0953125 0.06796875
0 0.62734375 0.77734375 0.03984375 0.04921875
0 0.6734375 0.7671875 0.05859375 0.07265625
0 0.7046875 0.7125 0.08046875 0.07421875
0 0.603125 0.6765625 0.07578125 0.08046875
0 0.65234375 0.65234375 0.07734375 0.06796875
0 0.60546875 0.60078125 0.04609375 0.05546875
0 0.6234375 0.57109375 0.0984375 0.07265625
0 0.69921875 0.60546875 0.05390625 0.05546875
0 0.6578125 0.5984375 0.04921875 0.05390625
0 0.82421875 0.68203125 0.1328125 0.1296875
0 0.75234375 0.76484375 0.08046875 0.05859375
0 0.81328125 0.77265625 0.1015625 0.08984375
0 0.87890625 0.7671875 0.07109375 0.08828125
0 0.9265625 0.75 0.05859375 0.06328125
0 0.9796875 0.69296875 0.040625 0.0734375
0 0.96796875 0.75546875 0.06328125 0.08359375
0 0.9734375 0.62421875 0.053125 0.1234375
0 0.8234375 0.54921875 0.140625 0.1046875
0 0.69296875 0.5703125 0.05390625 0.04609375
0 0.665625 0.53515625 0.08046875 0.06640625
0 0.62578125 0.49609375 0.06484375 0.07109375
0 0.634375 0.440625 0.07265625 0.06796875
0 0.83671875 0.49140625 0.08828125 0.06484375
0 0.790625 0.41484375 0.14375 0.1046875
0 0.80234375 0.4546875 0.1203125 0.1125
0 0.96015625 0.4796875 0.07890625 0.1296875
0 0.96953125 0.3828125 0.0609375 0.046875
0 0.978125 0.34296875 0.04375 0.0453125
0 0.978125 0.30859375 0.04375 0.0453125
0 0.96640625 0.278125 0.06640625 0.04140625
0 0.94609375 0.24765625 0.1078125 0.05234375
0 0.95078125 0.2015625 0.0984375 0.06796875
0 0.96796875 0.1453125 0.06328125 0.05703125
0 0.9125 0.03984375 0.07734375 0.07265625
0 0.8625 0.03828125 0.0953125 0.07578125
0 0.7984375 0.028125 0.05625 0.05625
0 0.69140625 0.075 0.1328125 0.115625
0 0.74921875 0.02734375 0.0546875 0.0546875
0 0.6546875 0.2296875 0.06640625 0.06015625
0 0.6578125 0.27265625 0.04921875 0.04921875
0 0.646875 0.3125 0.07265625 0.04609375
0 0.8 0.3453125 0.05859375 0.06640625
0 0.63125 0.39921875 0.05703125 0.04296875
0 0.66015625 0.38125 0.04453125 0.06640625
0 0.6265625 0.37578125 0.05390625 0.03359375
0 0.640625 0.34921875 0.06015625 0.03671875
0 0.190625 0.65390625 0.03359375 0.03984375
0 0.5734375 0.3125 0.0234375 0.0265625
0 0.5859375 0.22265625 0.03359375 0.0265625
0 0.596875 0.190625 0.04140625 0.04921875
0 0.6046875 0.10703125 0.03828125 0.04921875
0 0.62109375 0.06015625 0.0265625 0.03515625
0 0.79296875 0.08515625 0.03828125 0.03828125