0 0.15234375 0.0515625 0.0671875 0.053125
0 0.2125 0.04765625 0.075 0.0578125
0 0.14453125 0.0109375 0.0359375 0.021875
0 0.19375 0.009375 0.04375 0.01875
0 0.45546875 0.01875 0.0484375 0.03125
0 0.43359375 0.08984375 0.0671875 0.0515625
0 0.44609375 0.05546875 0.0765625 0.0703125
0 0.49375 0.03125 0.05625 0.0625
0 0.56640625 0.0296875 0.0796875 0.059375
0 0.70078125 0.0484375 0.0578125 0.059375
0 0.6421875 0.0265625 0.065625 0.053125
0 0.7453125 0.13515625 0.05 0.0484375
0 0.8890625 0.1296875 0.075 0.0625
0 0.94453125 0.07421875 0.0421875 0.0359375
0 0.94375 0.040625 0.05 0.040625
0 0.884375 0.0359375 0.05 0.04375
0 0.890625 0.08046875 0.053125 0.0453125
0 0.96015625 0.13828125 0.0359375 0.0296875
0 0.9640625 0.19375 0.05 0.0375
0 0.9515625 0.234375 0.040625 0.04375
0 0.984375 0.2328125 0.03125 0.05
0 0.95625 0.28359375 0.053125 0.0484375
0 0.959375 0.3296875 0.059375 0.04375
0 0.9671875 0.36796875 0.0625 0.0609375
0 0.90625 0.28828125 0.021875 0.0234375
0 0.75 0.19921875 0.034375 0.0359375
0 0.70078125 0.2421875 0.0671875 0.053125
0 0.6421875 0.17578125 0.05625 0.0421875
0 0.6609375 0.21484375 0.0375 0.0453125
0 0.62578125 0.225 0.0578125 0.065625
0 0.509375 0.19140625 0.05625 0.0484375
0 0.55234375 0.23125 0.0578125 0.071875
0 0.59296875 0.21484375 0.0359375 0.0421875
0 0.6 0.25859375 0.05625 0.0515625
0 0.58125 0.2875 0.053125 0.05625
0 0.61640625 0.3078125 0.0484375 0.053125
0 0.4125 0.46875 0.08125 0.10625
0 0.36796875 0.46171875 0.0734375 0.1078125
0 0.34765625 0.396875 0.0453125 0.071875
0 0.01171875 0.08203125 0.0234375 0.0328125
0 0.00703125 0.05625 0.0140625 0.021875
0 0.01796875 0.1265625 0.0359375 0.05
0 0.02890625 0.16953125 0.0578125 0.0546875
0 0.0203125 0.215625 0.040625 0.040625
0 0.0265625 0.2484375 0.040625 0.03125
0 0.1390625 0.25546875 0.0375 0.0359375
0 0.2359375 0.2796875 0.05625 0.05625
0 0.28515625 0.21328125 0.0484375 0.0484375
0 0.33046875 0.2203125 0.0515625 0.040625
0 0.33046875 0.2546875 0.0484375 0.040625
0 0.29140625 0.253125 0.0453125 0.053125
0 0.33515625 0.28984375 0.0609375 0.0390625
0 0.35 0.32109375 0.04375 0.0390625
0 0.30703125 0.30703125 0.0453125 0.0453125
0 0.31484375 0.3390625 0.0796875 0.05
0 0.1515625 0.41953125 0.0625 0.0578125
0 0.19375 0.4046875 0.065625 0.071875
0 0.25234375 0.38515625 0.0703125 0.0984375
0 0.28828125 0.4125 0.0921875 0.059375
0 0.31640625 0.38359375 0.0546875 0.0609375
0 0.0484375 0.39296875 0.071875 0.0703125
0 0.10546875 0.0109375 0.0265625 0.021875
0 0.253125 0.56484375 0.0625 0.0609375
0 0.02421875 0.81640625 0.0484375 0.0609375
0 0.01171875 0.70625 0.0234375 0.053125
0 0.28515625 0.66953125 0.0453125 0.0703125
0 0.2203125 0.61640625 0.096875 0.0578125
0 0.2109375 0.6734375 0.084375 0.0625
0 0.25625 0.63828125 0.0375 0.0640625
0 0.27890625 0.74296875 0.0734375 0.0828125
0 0.0109375 0.8640625 0.021875 0.053125
0 0.02421875 0.925 0.0484375 0.071875
0 0.0328125 0.97734375 0.065625 0.0453125
0 0.25234375 0.95703125 0.0640625 0.0640625
0 0.303125 0.946875 0.05 0.059375
0 0.35390625 0.97734375 0.0765625 0.0453125
0 0.39453125 0.94453125 0.0640625 0.0671875
0 0.39296875 0.9015625 0.0640625 0.04375
0 0.4578125 0.66328125 0.05 0.0578125
0 0.49609375 0.64921875 0.0640625 0.1046875
0 0.53515625 0.65625 0.0390625 0.06875
0 0.56953125 0.6421875 0.0515625 0.08125
0 0.61015625 0.64765625 0.0796875 0.0984375
0 0.6859375 0.64453125 0.084375 0.0921875
0 0.7171875 0.61328125 0.040625 0.0359375
0 0.7546875 0.6 0.059375 0.05625
0 0.6109375 0.459375 0.04375 0.05
0 0.5734375 0.44296875 0.04375 0.0453125
0 0.5875 0.4046875 0.05 0.05625
0 0.625 0.37265625 0.0625 0.0640625
0 0.6546875 0.43125 0.084375 0.0875
0 0.6890625 0.3875 0.059375 0.071875
0 0.73671875 0.384375 0.0546875 0.065625
0 0.728125 0.4390625 0.034375 0.03125
0 0.7640625 0.434375 0.04375 0.040625
0 0.72109375 0.2890625 0.0546875 0.053125
0 0.7203125 0.32421875 0.034375 0.0390625
0 0.93046875 0.47578125 0.0703125 0.0609375
0 0.9359375 0.52421875 0.059375 0.0421875
0 0.9421875 0.56640625 0.0625 0.0515625
0 0.94921875 0.6578125 0.0484375 0.053125
0 0.95546875 0.70859375 0.0359375 0.0359375
0 0.8203125 0.8078125 0.053125 0.04375
0 0.7625 0.81484375 0.040625 0.0453125
0 0.7234375 0.8328125 0.065625 0.06875
0 0.7640625 0.85625 0.0375 0.040625
0 0.7984375 0.890625 0.065625 0.05
0 0.8125 0.765625 0.028125 0.03125
0 0.62265625 0.925 0.1015625 0.115625
0 0.6890625 0.91171875 0.065625 0.1078125
0 0.7421875 0.92890625 0.0625 0.0890625
0 0.79921875 0.94453125 0.0546875 0.0765625
0 0.8421875 0.775 0.03125 0.03125
0 0.92265625 0.42421875 0.0265625 0.0265625