0 0.8796875 0.05703125 0.05703125 0.0484375
0 0.76640625 0.1625 0.0484375 0.0453125
0 0.93671875 0.20625 0.0640625 0.0625
0 0.91015625 0.30546875 0.0828125 0.05703125
0 0.73984375 0.403125 0.03671875 0.0453125
0 0.88828125 0.5453125 0.05 0.0484375
0 0.85234375 0.54140625 0.046875 0.0453125
0 0.78359375 0.57734375 0.096875 0.07421875
0 0.79609375 0.53359375 0.04140625 0.03984375
0 0.73359375 0.56171875 0.05859375 0.08515625
0 0.7015625 0.07734375 0.0640625 0.05
0 0.696875 0.140625 0.08984375 0.09140625
0 0.68359375 0.1953125 0.05859375 0.0625
0 0.63359375 0.62734375 0.06953125 0.0640625
0 0.63046875 0.70078125 0.07421875 0.07265625
0 0.63046875 0.75625 0.0640625 0.06953125
0 0.6203125 0.828125 0.0640625 0.0640625
0 0.59765625 0.86328125 0.078125 0.0828125
0 0.97734375 0.88515625 0.0453125 0.0984375
0 0.97265625 0.96875 0.0546875 0.0625
0 0.58984375 0.94375 0.09375 0.07421875
0 0.58359375 0.9765625 0.0984375 0.046875
0 0.51953125 0.0234375 0.08828125 0.046875
0 0.50625 0.0625 0.08828125 0.0796875
0 0.45234375 0.04296875 0.07109375 0.06953125
0 0.1984375 0.040625 0.046875 0.046875
0 0.05234375 0.01640625 0.1046875 0.0328125
0 0.134375 0.0125 0.046875 0.02421875
0 0.0203125 0.04453125 0.040625 0.0453125
0 0.24453125 0.31171875 0.07109375 0.065625
0 0.42109375 0.075 0.08515625 0.05
0 0.4125 0.109375 0.08828125 0.07578125
0 0.52109375 0.10234375 0.06953125 0.05546875
0 0.46015625 0.13046875 0.065625 0.0640625
0 0.5109375 0.1484375 0.078125 0.06953125
0 0.50625 0.3484375 0.08828125 0.078125
0 0.484375 0.21015625 0.10390625 0.08515625
0 0.36328125 0.1671875 0.05546875 0.05
0 0.36484375 0.2078125 0.0625 0.0453125
0 0.3015625 0.21171875 0.0609375 0.07421875
0 0.4171875 0.24296875 0.05859375 0.0640625
0 0.340625 0.28828125 0.11796875 0.115625
0 0.3734375 0.23359375 0.065625 0.04140625
0 0.52421875 0.4703125 0.08984375 0.0796875
0 0.425 0.46953125 0.07421875 0.0671875
0 0.31328125 0.46640625 0.07265625 0.0640625
0 0.22265625 0.46328125 0.0671875 0.05859375
0 0.146875 0.465625 0.06953125 0.0625
0 0.13671875 0.53515625 0.0796875 0.07421875
0 0.21171875 0.52421875 0.07421875 0.06953125
0 0.284375 0.53203125 0.07109375 0.0609375
0 0.38046875 0.52734375 0.07578125 0.0625
0 0.46171875 0.53046875 0.07578125 0.078125
0 0.4765625 0.63203125 0.09140625 0.07421875
0 0.421875 0.6875 0.07578125 0.0609375
0 0.21953125 0.66015625 0.0796875 0.078125
0 0.378125 0.75 0.07109375 0.0640625
0 0.2546875 0.715625 0.065625 0.078125
0 0.3046875 0.73671875 0.0796875 0.065625
0 0.32109375 0.78203125 0.07109375 0.07265625
0 0.37890625 0.80703125 0.05859375 0.05
0 0.31171875 0.878125 0.09375 0.078125
0 0.1453125 0.91328125 0.05859375 0.05859375
0 0.321875 0.96953125 0.07265625 0.0609375
0 0.01640625 0.4625 0.0328125 0.07421875
0 0.0328125 0.53203125 0.065625 0.0609375
0 0.04140625 0.65625 0.05546875 0.05390625
0 0.0375 0.6921875 0.0640625 0.04140625
0 0.046875 0.78515625 0.05859375 0.06953125
0 0.04921875 0.7203125 0.05 0.0671875
0 0.015625 0.73203125 0.03125 0.0828125
0 0.015625 0.79375 0.03125 0.07265625
0 0.23984375 0.2125 0.0984375 0.07578125