0 0.0265625 0.02109375 0.053125 0.0421875
0 0.03046875 0.07890625 0.0609375 0.0484375
0 0.0359375 0.13203125 0.07109375 0.05859375
0 0.03984375 0.1859375 0.06328125 0.06796875
0 0.00390625 0.19609375 0.0078125 0.05390625
0 0.11171875 0.38046875 0.0171875 0.0203125
0 0.07890625 0.3875 0.021875 0.021875
0 0.01171875 0.253125 0.0234375 0.03203125
0 0.12109375 0.45859375 0.0265625 0.025
0 0.078125 0.45859375 0.0234375 0.025
0 0.08515625 0.5375 0.025 0.0265625
0 0.13125 0.53828125 0.021875 0.01875
0 0.13984375 0.6125 0.03671875 0.03515625
0 0.103125 0.62578125 0.03203125 0.03671875
0 0.07265625 0.63515625 0.03203125 0.04921875
0 0.03828125 0.64140625 0.04140625 0.04921875
0 0.009375 0.6375 0.01875 0.03515625
0 0.10625 0.69140625 0.04140625 0.03515625
0 0.1421875 0.69453125 0.021875 0.021875
0 0.203125 0.621875 0.0265625 0.028125
0 0.09140625 0.75390625 0.01875 0.0140625
0 0.1640625 0.7484375 0.0171875 0.01875
0 0.14453125 0.73203125 0.0265625 0.0265625
0 0.1109375 0.728125 0.03828125 0.04453125
0 0.11328125 0.8078125 0.05546875 0.05234375
0 0.16640625 0.81015625 0.06015625 0.06328125
0 0.2 0.80546875 0.0265625 0.03828125
0 0.1578125 0.88359375 0.1 0.08984375
0 0.2171875 0.91640625 0.04921875 0.05390625
0 0.2640625 0.884375 0.05703125 0.04140625
0 0.25546875 0.81015625 0.04296875 0.04453125
0 0.2796875 0.92578125 0.025 0.025
0 0.15234375 0.975 0.04296875 0.04453125
0 0.00703125 0.9890625 0.0140625 0.021875
0 0.30625 0.95 0.0265625 0.03359375
0 0.27890625 0.9703125 0.0265625 0.03828125
0 0.22109375 0.975 0.03359375 0.03515625
0 0.41953125 0.94765625 0.03515625 0.03515625
0 0.40859375 0.8078125 0.03203125 0.04296875
0 0.39765625 0.76484375 0.0234375 0.03671875
0 0.29375 0.63828125 0.04296875 0.0265625
0 0.2734375 0.615625 0.04453125 0.04140625
0 0.2703125 0.5765625 0.05390625 0.03671875
0 0.26875 0.515625 0.03203125 0.06328125
0 0.24921875 0.45859375 0.04609375 0.03828125
0 0.25625 0.40703125 0.06328125 0.05703125
0 0.25 0.36328125 0.03515625 0.04609375
0 0.36015625 0.240625 0.0265625 0.028125
0 0.2796875 0.14453125 0.07578125 0.09296875
0 0.2671875 0.0234375 0.05 0.046875
0 0.3296875 0.00625 0.1 0.0125
0 0.44453125 0.10234375 0.07265625 0.08359375
0 0.571875 0.09609375 0.07109375 0.06484375
0 0.6578125 0.08125 0.04921875 0.03984375
0 0.6109375 0.1890625 0.04140625 0.04609375
0 0.57578125 0.18984375 0.03515625 0.03828125
0 0.5359375 0.19453125 0.05859375 0.05078125
0 0.48828125 0.203125 0.04921875 0.03671875
0 0.7140625 0.090625 0.0265625 0.0234375
0 0.734375 0.08203125 0.025 0.021875
0 0.75703125 0.06875 0.0234375 0.0296875
0 0.7140625 0.11484375 0.0265625 0.0265625
0 0.6953125 0.17890625 0.06796875 0.06015625
0 0.66484375 0.22734375 0.04140625 0.07109375
0 0.7046875 0.25390625 0.04609375 0.03671875
0 0.70234375 0.2828125 0.05078125 0.03671875
0 0.7140625 0.321875 0.03671875 0.05859375
0 0.690625 0.346875 0.05546875 0.05703125
0 0.65078125 0.40078125 0.05546875 0.04921875
0 0.71171875 0.3953125 0.06015625 0.05078125
0 0.73046875 0.4453125 0.03359375 0.04921875
0 0.72578125 0.5296875 0.0265625 0.05078125
0 0.7 0.55078125 0.0296875 0.03203125
0 0.70703125 0.63359375 0.03828125 0.08046875
0 0.6671875 0.63515625 0.04609375 0.04296875
0 0.709375 0.696875 0.05859375 0.05859375
0 0.7296875 0.83671875 0.03828125 0.03828125
0 0.67734375 0.84296875 0.05078125 0.03515625
0 0.78671875 0.85 0.021875 0.028125
0 0.725 0.9015625 0.025 0.01875
0 0.6171875 0.92578125 0.03203125 0.028125
0 0.5890625 0.91328125 0.0203125 0.01875
0 0.534375 0.85703125 0.04921875 0.03359375
0 0.503125 0.9453125 0.05390625 0.05234375
0 0.471875 0.8625 0.03203125 0.03515625
0 0.45390625 0.825 0.025 0.0265625
0 0.4515625 0.66796875 0.05859375 0.06015625
0 0.39375 0.62890625 0.021875 0.0203125
0 0.43984375 0.55703125 0.028125 0.03828125
0 0.3796875 0.48046875 0.028125 0.0296875
0 0.41171875 0.3578125 0.021875 0.021875
0 0.371875 0.33046875 0.028125 0.025
0 0.409375 0.2875 0.03359375 0.0296875
0 0.97578125 0.81171875 0.03984375 0.05078125
0 0.98125 0.72265625 0.0375 0.0453125
0 0.95703125 0.63828125 0.05703125 0.04921875
0 0.91484375 0.4171875 0.03203125 0.0265625
0 0.89296875 0.4234375 0.0171875 0.0234375
0 0.8796875 0.3734375 0.03203125 0.03515625
0 0.846875 0.3734375 0.028125 0.03203125
0 0.8765625 0.42578125 0.01875 0.025
0 0.8609375 0.42578125 0.021875 0.03515625
0 0.82734375 0.42578125 0.03203125 0.03515625
0 0.87421875 0.13125 0.0234375 0.028125
0 0.85234375 0.09296875 0.0265625 0.03203125
0 0.82578125 0.14609375 0.021875 0.0265625
0 0.815625 0.059375 0.03671875 0.0265625
0 0.81875 0.2609375 0.0265625 0.028125
0 0.94140625 0.87890625 0.028125 0.0265625