0 0.88125 0.94765625 0.05546875 0.04765625
0 0.7703125 0.84453125 0.04765625 0.04375
0 0.93671875 0.80234375 0.0625 0.0609375
0 0.91015625 0.70546875 0.08125 0.05546875
0 0.74375 0.61015625 0.03515625 0.04375
0 0.8890625 0.47109375 0.04921875 0.04765625
0 0.85390625 0.475 0.0453125 0.04375
0 0.7875 0.43984375 0.09453125 0.07265625
0 0.79921875 0.48203125 0.040625 0.0390625
0 0.73828125 0.45546875 0.0578125 0.0828125
0 0.70703125 0.928125 0.0625 0.04921875
0 0.70234375 0.865625 0.0875 0.08984375
0 0.6890625 0.8125 0.0578125 0.0609375
0 0.63984375 0.39140625 0.0671875 0.0625
0 0.6375 0.31953125 0.07265625 0.07109375
0 0.6375 0.26484375 0.0625 0.0671875
0 0.62734375 0.1953125 0.0625 0.0625
0 0.60546875 0.16015625 0.07578125 0.08125
0 0.97734375 0.1390625 0.0453125 0.09609375
0 0.971875 0.05 0.05546875 0.07578125
0 0.59765625 0.08203125 0.09140625 0.07265625
0 0.59296875 0.03671875 0.0953125 0.0734375
0 0.5296875 0.97890625 0.0859375 0.0421875
0 0.51640625 0.9421875 0.0859375 0.07734375
0 0.4640625 0.9609375 0.06953125 0.0671875
0 0.215625 0.9640625 0.0453125 0.0453125
0 0.06796875 0.9859375 0.1109375 0.028125
0 0.153125 0.98984375 0.0453125 0.0203125
0 0.0359375 0.959375 0.04921875 0.04375
0 0.2609375 0.69921875 0.06953125 0.0640625
0 0.43359375 0.9296875 0.0828125 0.04921875
0 0.425 0.896875 0.0859375 0.07421875
0 0.53046875 0.90390625 0.0671875 0.05390625
0 0.47109375 0.87578125 0.0640625 0.0625
0 0.52109375 0.8578125 0.07578125 0.0671875
0 0.51640625 0.66328125 0.0859375 0.07578125
0 0.4953125 0.7984375 0.1015625 0.0828125
0 0.3765625 0.840625 0.05390625 0.04921875
0 0.378125 0.80078125 0.0609375 0.04375
0 0.31640625 0.79609375 0.059375 0.07265625
0 0.42890625 0.76640625 0.0578125 0.0625
0 0.3546875 0.721875 0.11484375 0.11328125
0 0.38671875 0.775 0.0640625 0.040625
0 0.53359375 0.54375 0.0875 0.07734375
0 0.43671875 0.54453125 0.07265625 0.065625
0 0.32734375 0.5484375 0.07109375 0.0625
0 0.2390625 0.55078125 0.065625 0.0578125
0 0.165625 0.54921875 0.0671875 0.0609375
0 0.15546875 0.48046875 0.07734375 0.07265625
0 0.22890625 0.49140625 0.07265625 0.0671875
0 0.3 0.48359375 0.06953125 0.059375
0 0.39375 0.48828125 0.07421875 0.0609375
0 0.47265625 0.4859375 0.07421875 0.07578125
0 0.4875 0.3859375 0.08984375 0.07265625
0 0.434375 0.33203125 0.07421875 0.059375
0 0.23671875 0.35859375 0.07734375 0.07578125
0 0.39140625 0.27109375 0.06953125 0.0625
0 0.2703125 0.3046875 0.0640625 0.07578125
0 0.31953125 0.28359375 0.07734375 0.0640625
0 0.33515625 0.23984375 0.06953125 0.07109375
0 0.3921875 0.215625 0.0578125 0.04921875
0 0.32578125 0.14609375 0.09140625 0.07578125
0 0.1640625 0.11171875 0.0578125 0.0578125
0 0.3359375 0.05390625 0.07109375 0.0640625
0 0.02734375 0.5515625 0.05390625 0.07265625
0 0.053125 0.48359375 0.065625 0.059375
0 0.01640625 0.48671875 0.03203125 0.07109375
0 0.0625 0.3625 0.05390625 0.05234375
0 0.05859375 0.32734375 0.0625 0.040625
0 0.0671875 0.23671875 0.0578125 0.0671875
0 0.0703125 0.3 0.04921875 0.065625
0 0.0265625 0.2890625 0.05234375 0.08125
0 0.0265625 0.228125 0.05234375 0.07109375
0 0.00546875 0.23671875 0.0109375 0.0578125
0 0.25625 0.7953125 0.09609375 0.07421875