0 0.03125 0.02421875 0.0625 0.0484375
0 0.03828125 0.08515625 0.0640625 0.0484375
0 0.03984375 0.13671875 0.0796875 0.0578125
0 0.0484375 0.18984375 0.0625 0.0671875
0 0.00859375 0.2 0.0171875 0.053125
0 0.11953125 0.38203125 0.0171875 0.0203125
0 0.0875 0.3890625 0.021875 0.021875
0 0.01796875 0.25625 0.0296875 0.03125
0 0.12890625 0.459375 0.0265625 0.025
0 0.08671875 0.459375 0.0234375 0.025
0 0.09375 0.53671875 0.025 0.0265625
0 0.1390625 0.5375 0.021875 0.01875
0 0.14765625 0.6109375 0.0359375 0.034375
0 0.1109375 0.62421875 0.03125 0.0359375
0 0.08125 0.63359375 0.03125 0.0484375
0 0.046875 0.63984375 0.040625 0.0484375
0 0.0140625 0.6359375 0.028125 0.034375
0 0.1140625 0.6890625 0.040625 0.034375
0 0.15 0.6921875 0.021875 0.021875
0 0.21015625 0.6203125 0.0265625 0.028125
0 0.1 0.75078125 0.01875 0.0140625
0 0.17109375 0.7453125 0.0171875 0.01875
0 0.15234375 0.72890625 0.0265625 0.0265625
0 0.11875 0.725 0.0375 0.04375
0 0.12109375 0.80390625 0.0546875 0.0515625
0 0.1734375 0.80625 0.059375 0.0625
0 0.20703125 0.8015625 0.0265625 0.0375
0 0.16484375 0.87890625 0.0984375 0.0890625
0 0.22421875 0.9109375 0.0484375 0.053125
0 0.2703125 0.8796875 0.05625 0.040625
0 0.26171875 0.80625 0.0421875 0.04375
0 0.2859375 0.9203125 0.025 0.025
0 0.16015625 0.96875 0.0421875 0.04375
0 0.0140625 0.9828125 0.01875 0.021875
0 0.31171875 0.94453125 0.0265625 0.0328125
0 0.28515625 0.9640625 0.0265625 0.0375
0 0.22734375 0.96875 0.0328125 0.034375
0 0.4234375 0.9421875 0.034375 0.034375
0 0.4125 0.80390625 0.03125 0.0421875
0 0.40234375 0.76171875 0.0234375 0.0359375
0 0.29921875 0.63671875 0.0421875 0.0265625
0 0.2796875 0.6140625 0.04375 0.040625
0 0.2765625 0.57578125 0.053125 0.0359375
0 0.275 0.515625 0.03125 0.0625
0 0.25546875 0.459375 0.0453125 0.0375
0 0.2625 0.4078125 0.0625 0.05625
0 0.25625 0.36484375 0.034375 0.0453125
0 0.36484375 0.24375 0.0265625 0.028125
0 0.2859375 0.14921875 0.075 0.0921875
0 0.27421875 0.0265625 0.0484375 0.053125
0 0.33515625 0.009375 0.0984375 0.01875
0 0.4484375 0.10703125 0.071875 0.0828125
0 0.57421875 0.10078125 0.0703125 0.0640625
0 0.65859375 0.08671875 0.0484375 0.0390625
0 0.6125 0.19296875 0.040625 0.0453125
0 0.578125 0.19375 0.034375 0.0375
0 0.53828125 0.1984375 0.0578125 0.05
0 0.49140625 0.20703125 0.0484375 0.0359375
0 0.71484375 0.09609375 0.0265625 0.0234375
0 0.734375 0.0875 0.025 0.021875
0 0.75703125 0.07421875 0.0234375 0.0296875
0 0.71484375 0.11953125 0.0265625 0.0265625
0 0.69609375 0.1828125 0.0671875 0.059375
0 0.665625 0.23046875 0.040625 0.0703125
0 0.70546875 0.25703125 0.0453125 0.0359375
0 0.703125 0.28515625 0.05 0.0359375
0 0.71484375 0.32421875 0.0359375 0.0578125
0 0.69140625 0.3484375 0.0546875 0.05625
0 0.65234375 0.40234375 0.0546875 0.0484375
0 0.7125 0.396875 0.059375 0.05
0 0.73046875 0.44609375 0.0328125 0.0484375
0 0.72578125 0.5296875 0.0265625 0.05
0 0.70078125 0.55 0.0296875 0.03125
0 0.7078125 0.63203125 0.0375 0.0796875
0 0.66796875 0.63359375 0.0453125 0.0421875
0 0.71015625 0.69453125 0.0578125 0.0578125
0 0.7296875 0.8328125 0.0375 0.0375
0 0.678125 0.8390625 0.05 0.034375
0 0.7859375 0.8453125 0.021875 0.028125
0 0.725 0.896875 0.025 0.01875
0 0.61875 0.9203125 0.03125 0.028125
0 0.59140625 0.9078125 0.0203125 0.01875
0 0.53671875 0.85234375 0.0484375 0.0328125
0 0.50625 0.93984375 0.053125 0.0515625
0 0.475 0.8578125 0.03125 0.034375
0 0.4578125 0.82109375 0.025 0.0265625
0 0.45546875 0.665625 0.0578125 0.059375
0 0.3984375 0.62734375 0.021875 0.0203125
0 0.44375 0.55625 0.028125 0.0375
0 0.384375 0.48046875 0.028125 0.0296875
0 0.415625 0.359375 0.021875 0.021875
0 0.3765625 0.3328125 0.028125 0.025
0 0.41328125 0.28984375 0.0328125 0.0296875
0 0.97265625 0.8078125 0.0390625 0.05
0 0.9796875 0.7203125 0.0375 0.04375
0 0.9546875 0.63671875 0.05625 0.0484375
0 0.9125 0.41796875 0.03125 0.0265625
0 0.89140625 0.42421875 0.0171875 0.0234375
0 0.878125 0.375 0.03125 0.034375
0 0.8453125 0.375 0.028125 0.03125
0 0.875 0.4265625 0.01875 0.025
0 0.859375 0.4265625 0.021875 0.034375
0 0.8265625 0.4265625 0.03125 0.034375
0 0.87265625 0.1359375 0.0234375 0.028125
0 0.85078125 0.0984375 0.0265625 0.03125
0 0.825 0.15078125 0.021875 0.0265625
0 0.81484375 0.06484375 0.0359375 0.0265625
0 0.81796875 0.2640625 0.0265625 0.028125
0 0.9390625 0.87421875 0.028125 0.0265625