0 0.18359375 0.8515625 0.08671875 0.0890625
0 0.28515625 0.79296875 0.078125 0.0703125
0 0.36328125 0.978125 0.1015625 0.04375
0 0.4 0.91484375 0.08671875 0.078125
0 0.565625 0.9578125 0.059375 0.0734375
0 0.665625 0.98046875 0.0921875 0.0390625
0 0.7375 0.98359375 0.06484375 0.0328125
0 0.96640625 0.85703125 0.04609375 0.040625
0 0.65703125 0.84453125 0.0921875 0.0890625
0 0.40390625 0.61796875 0.053125 0.04765625
0 0.228125 0.4703125 0.0765625 0.08359375
0 0.01796875 0.4515625 0.0359375 0.059375
0 0.01875 0.80234375 0.0375 0.0546875
0 0.8875 0.8296875 0.1125 0.08203125
0 0.40234375 0.55390625 0.06796875 0.08671875
0 0.4375 0.34375 0.1515625 0.13125
0 0.43515625 0.26953125 0.0953125 0.06796875
0 0.40078125 0.1953125 0.0578125 0.0734375
0 0.2375 0.37578125 0.09921875 0.109375
0 0.02265625 0.403125 0.0453125 0.03125
0 0.01796875 0.3640625 0.0359375 0.05625
0 0.028125 0.278125 0.05625 0.109375
0 0.05390625 0.23046875 0.0765625 0.075
0 0.0375 0.1703125 0.075 0.0921875
0 0.04375 0.0921875 0.08671875 0.10546875
0 0.03828125 0.034375 0.0765625 0.06796875
0 0.2578125 0.103125 0.1125 0.08671875
0 0.25703125 0.16484375 0.08359375 0.0703125
0 0.45 0.15703125 0.1078125 0.075
0 0.4734375 0.09296875 0.10078125 0.090625
0 0.45234375 0.04453125 0.13671875 0.0890625
0 0.72109375 0.09921875 0.08671875 0.071875
0 0.64140625 0.72421875 0.10234375 0.0734375
0 0.678125 0.76015625 0.04296875 0.053125
0 0.728125 0.74921875 0.06328125 0.078125
0 0.76171875 0.690625 0.08671875 0.08046875
0 0.6515625 0.65078125 0.08203125 0.08671875
0 0.70546875 0.62578125 0.08359375 0.0734375
0 0.6546875 0.56875 0.04921875 0.059375
0 0.67421875 0.5375 0.10546875 0.078125
0 0.75625 0.57421875 0.0578125 0.059375
0 0.7109375 0.56640625 0.053125 0.0578125
0 0.890625 0.65703125 0.14296875 0.13984375
0 0.81328125 0.746875 0.08671875 0.06328125
0 0.87890625 0.75546875 0.109375 0.09765625
0 0.95 0.74921875 0.0765625 0.0953125
0 0.984375 0.73046875 0.03046875 0.06796875
0 0.88984375 0.51328125 0.1515625 0.1125
0 0.74921875 0.53671875 0.0578125 0.04921875
0 0.71953125 0.4984375 0.08671875 0.071875
0 0.6765625 0.45625 0.0703125 0.0765625
0 0.6859375 0.396875 0.078125 0.0734375
0 0.9046875 0.4515625 0.0953125 0.0703125
0 0.85390625 0.36875 0.15546875 0.1125
0 0.8671875 0.4125 0.1296875 0.12109375
0 0.98203125 0.18828125 0.0359375 0.05625
0 0.98671875 0.13984375 0.0265625 0.0734375
0 0.74765625 0.0328125 0.14296875 0.06484375
0 0.7078125 0.16875 0.071875 0.06484375
0 0.7109375 0.215625 0.053125 0.053125
0 0.7 0.25859375 0.078125 0.04921875
0 0.8640625 0.29375 0.06328125 0.071875
0 0.6828125 0.35234375 0.06171875 0.04609375
0 0.71328125 0.3328125 0.04765625 0.071875
0 0.67734375 0.3265625 0.0578125 0.0359375
0 0.69296875 0.29765625 0.06484375 0.0390625
0 0.20703125 0.62734375 0.0359375 0.04296875
0 0.6203125 0.25859375 0.02578125 0.02890625
0 0.63359375 0.1609375 0.0359375 0.02890625
0 0.6453125 0.12734375 0.04453125 0.053125
0 0.65390625 0.03671875 0.040625 0.053125
0 0.85703125 0.0171875 0.040625 0.034375