0 0.42890625 0.0328125 0.0453125 0.040625
0 0.025 0.115625 0.05 0.096875
0 0.05390625 0.22109375 0.0890625 0.0734375
0 0.04921875 0.27265625 0.0890625 0.0703125
0 0.09765625 0.2421875 0.0640625 0.0625
0 0.125 0.2921875 0.084375 0.065625
0 0.0609375 0.334375 0.0875 0.09375
0 0.0140625 0.3546875 0.028125 0.10625
0 0.0375 0.40390625 0.05625 0.0640625
0 0.10546875 0.37890625 0.0890625 0.1234375
0 0.1125 0.4484375 0.084375 0.071875
0 0.02890625 0.45078125 0.0578125 0.0734375
0 0.0140625 0.49765625 0.028125 0.0734375
0 0.0828125 0.50234375 0.134375 0.1140625
0 0.01328125 0.575 0.0265625 0.071875
0 0.0515625 0.61015625 0.053125 0.0671875
0 0.01796875 0.640625 0.0359375 0.059375
0 0.01953125 0.68984375 0.0390625 0.0609375
0 0.07109375 0.68359375 0.0515625 0.0421875
0 0.103125 0.70546875 0.04375 0.0453125
0 0.0609375 0.765625 0.0625 0.103125
0 0.03515625 0.87734375 0.0390625 0.0390625
0 0.05859375 0.81484375 0.0453125 0.0421875
0 0.06796875 0.85078125 0.0453125 0.0359375
0 0.0609375 0.91171875 0.0375 0.0453125
0 0.02734375 0.91640625 0.0296875 0.0671875
0 0.05859375 0.94921875 0.0328125 0.0390625
0 0.053125 0.99140625 0.053125 0.0171875
0 0.1390625 0.734375 0.065625 0.0875
0 0.1078125 0.76953125 0.059375 0.0515625
0 0.12265625 0.83203125 0.0984375 0.0859375
0 0.128125 0.89765625 0.103125 0.0890625
0 0.190625 0.9 0.071875 0.065625
0 0.203125 0.77578125 0.05 0.0578125
0 0.178125 0.81953125 0.04375 0.0421875
0 0.134375 0.5953125 0.053125 0.0375
0 0.1265625 0.55625 0.053125 0.04375
0 0.17421875 0.59140625 0.0671875 0.0671875
0 0.175 0.52890625 0.053125 0.0515625
0 0.1875 0.49140625 0.08125 0.0796875
0 0.25234375 0.49921875 0.0546875 0.0671875
0 0.2015625 0.63671875 0.115625 0.0890625
0 0.115625 0.6265625 0.090625 0.06875
0 0.12890625 0.66015625 0.0859375 0.0640625
0 0.2 0.7015625 0.134375 0.1125
0 0.17578125 0.1875 0.0953125 0.06875
0 0.22734375 0.1578125 0.0546875 0.05
0 0.28203125 0.14296875 0.0890625 0.0515625
0 0.42890625 0.02890625 0.0453125 0.0578125
0 0.45546875 0.08671875 0.0453125 0.0546875
0 0.46796875 0.12890625 0.0765625 0.0609375
0 0.35703125 0.12578125 0.0796875 0.0578125
0 0.4203125 0.1703125 0.10625 0.09375
0 0.3046875 0.18515625 0.09375 0.0796875
0 0.23671875 0.24140625 0.0640625 0.0890625
0 0.1703125 0.25859375 0.090625 0.0859375
0 0.36171875 0.2234375 0.0984375 0.10625
0 0.41328125 0.24921875 0.0609375 0.0578125
0 0.5 0.23046875 0.090625 0.0984375
0 0.47265625 0.3015625 0.0578125 0.090625
0 0.53125 0.30546875 0.1 0.1078125
0 0.5375 0.3890625 0.103125 0.10625
0 0.33203125 0.28359375 0.1015625 0.1359375
0 0.25625 0.31015625 0.071875 0.0703125
0 0.1703125 0.3421875 0.09375 0.09375
0 0.16953125 0.421875 0.0578125 0.071875
0 0.221875 0.40859375 0.084375 0.0859375
0 0.25859375 0.36328125 0.0734375 0.0609375
0 0.421875 0.33046875 0.115625 0.1390625
0 0.33125 0.3828125 0.115625 0.103125
0 0.27890625 0.42421875 0.0671875 0.0734375
0 0.3265625 0.4671875 0.08125 0.065625
0 0.33984375 0.51171875 0.0828125 0.0546875
0 0.35703125 0.53515625 0.0453125 0.0640625
0 0.30390625 0.58046875 0.0453125 0.0890625
0 0.41015625 0.546875 0.0421875 0.06875
0 0.35703125 0.6046875 0.1265625 0.096875
0 0.2796875 0.67734375 0.05625 0.0578125
0 0.3609375 0.6671875 0.125 0.059375
0 0.325 0.7390625 0.071875 0.065625
0 0.275 0.7515625 0.09375 0.065625
0 0.2765625 0.80390625 0.0875 0.0984375
0 0.43515625 0.7109375 0.1140625 0.09375
0 0.50703125 0.49375 0.1484375 0.134375
0 0.5984375 0.45859375 0.053125 0.0578125
0 0.5890625 0.49765625 0.071875 0.0546875
0 0.55859375 0.55546875 0.0546875 0.0578125
0 0.61640625 0.56796875 0.0796875 0.1390625
0 0.46953125 0.5921875 0.1078125 0.1
0 0.53984375 0.60703125 0.0859375 0.1046875
0 0.59609375 0.63203125 0.0515625 0.0640625
0 0.58515625 0.675 0.0578125 0.0625
0 0.53828125 0.73125 0.1296875 0.146875
0 0.44609375 0.77265625 0.1046875 0.0765625
0 0.37578125 0.79296875 0.0765625 0.0546875
0 0.4484375 0.84453125 0.10625 0.0671875
0 0.34453125 0.8390625 0.0890625 0.075
0 0.40703125 0.89765625 0.0671875 0.0796875
0 0.27265625 0.88671875 0.0796875 0.0703125
0 0.33671875 0.90859375 0.0671875 0.0984375
0 0.2640625 0.94921875 0.05625 0.0765625
0 0.359375 0.96875 0.08125 0.0625
0 0.41953125 0.97578125 0.0328125 0.0484375
0 0.459375 0.98671875 0.04375 0.0265625
0 0.68359375 0.63828125 0.0640625 0.0609375
0 0.50625 0.91015625 0.065625 0.0765625
0 0.521875 0.98046875 0.059375 0.0390625
0 0.54453125 0.95078125 0.0421875 0.0453125
0 0.56953125 0.92421875 0.0546875 0.0453125
0 0.60703125 0.8421875 0.0921875 0.0875
0 0.62734375 0.7828125 0.0390625 0.05
0 0.68359375 0.71171875 0.0640625 0.0421875
0 0.67265625 0.778125 0.0671875 0.03125
0 0.671875 0.740625 0.065625 0.040625
0 0.73046875 0.7453125 0.0484375 0.053125
0 0.7515625 0.7875 0.075 0.090625
0 0.71875 0.83203125 0.128125 0.0953125
0 0.91953125 0.62109375 0.0703125 0.0734375
0 0.8234375 0.77734375 0.1 0.0984375
0 0.90703125 0.72734375 0.0671875 0.0640625
0 0.8890625 0.8421875 0.075 0.065625
0 0.75078125 0.95078125 0.1109375 0.0984375
0 0.80625 0.97109375 0.103125 0.0578125
0 0.51328125 0.0296875 0.1046875 0.059375
0 0.58515625 0.04453125 0.0578125 0.0890625
0 0.6890625 0.0328125 0.065625 0.065625
0 0.8765625 0.01953125 0.0875 0.0390625
0 0.9515625 0.04453125 0.096875 0.0890625
0 0.94453125 0.13203125 0.0640625 0.0734375
0 0.9171875 0.17578125 0.075 0.0796875
0 0.8625 0.075 0.084375 0.09375
0 0.79765625 0.040625 0.1015625 0.08125
0 0.7328125 0.07421875 0.065625 0.0734375
0 0.72734375 0.12734375 0.0734375 0.0828125
0 0.6390625 0.0921875 0.115625 0.10625
0 0.671875 0.1890625 0.0875 0.103125
0 0.5890625 0.11796875 0.075 0.0515625
0 0.5984375 0.178125 0.065625 0.09375
0 0.5609375 0.21953125 0.06875 0.0890625
0 0.63125 0.26015625 0.10625 0.1109375
0 0.64765625 0.3484375 0.1078125 0.09375
0 0.61875 0.40703125 0.06875 0.1109375
0 0.665625 0.4234375 0.075 0.09375
0 0.678125 0.478125 0.121875 0.15625
0 0.76171875 0.5453125 0.0921875 0.08125
0 0.7203125 0.353125 0.075 0.075
0 0.74375 0.30078125 0.1 0.1171875
0 0.74296875 0.21875 0.1234375 0.06875
0 0.80546875 0.28828125 0.0984375 0.0703125
0 0.86640625 0.35390625 0.0984375 0.1109375
0 0.8828125 0.2453125 0.103125 0.10625
0 0.9734375 0.25 0.053125 0.053125
0 0.93515625 0.32421875 0.0640625 0.0578125
0 0.97109375 0.2875 0.0578125 0.05625
0 0.78515625 0.17265625 0.1015625 0.0984375
0 0.8578125 0.14296875 0.06875 0.0640625
0 0.9359375 0.37734375 0.065625 0.0640625
0 0.89765625 0.43359375 0.0765625 0.0671875
0 0.96640625 0.4421875 0.0671875 0.0875
0 0.93046875 0.49609375 0.0484375 0.0546875
0 0.8421875 0.5046875 0.065625 0.06875
0 0.78046875 0.47265625 0.0796875 0.0765625
0 0.8484375 0.546875 0.09375 0.0875
0 0.9203125 0.54609375 0.0625 0.0765625
0 0.97734375 0.57421875 0.0421875 0.0640625
0 0.91484375 0.6203125 0.0734375 0.084375
0 0.728125 0.7015625 0.04375 0.059375
0 0.771875 0.6828125 0.059375 0.04375
0 0.76328125 0.7203125 0.0640625 0.04375
0 0.98515625 0.66015625 0.0296875 0.0796875