0 0.23671875 0.0828125 0.0453125 0.053125
0 0.0265625 0.26328125 0.053125 0.0546875
0 0.08515625 0.2515625 0.0796875 0.059375
0 0.12734375 0.22109375 0.0328125 0.0234375
0 0.121875 0.19453125 0.040625 0.0359375
0 0.165625 0.18125 0.034375 0.04375
0 0.19140625 0.17890625 0.0390625 0.0484375
0 0.13359375 0.25859375 0.0328125 0.0421875
0 0.1515625 0.24296875 0.0375 0.0421875
0 0.17890625 0.228125 0.0515625 0.05
0 0.03984375 0.32109375 0.0453125 0.0421875
0 0.10703125 0.32109375 0.0828125 0.0734375
0 0.01796875 0.34375 0.0359375 0.040625
0 0.01953125 0.44921875 0.0390625 0.0359375
0 0.01328125 0.41953125 0.0265625 0.0484375
0 0.203125 0.325 0.0375 0.03125
0 0.22734375 0.27421875 0.0453125 0.0359375
0 0.20546875 0.29453125 0.0421875 0.0359375
0 0.21796875 0.2390625 0.0453125 0.053125
0 0.11484375 0.51328125 0.0359375 0.0359375
0 0.125 0.5578125 0.05 0.04375
0 0.2390625 0.20078125 0.04375 0.0359375
0 0.234375 0.1703125 0.03125 0.03125
0 0.16015625 0.05390625 0.0328125 0.0359375
0 0.31953125 0.30859375 0.0296875 0.0359375
0 0.015625 0.784375 0.03125 0.040625
0 0.01328125 0.87734375 0.0265625 0.0453125
0 0.47109375 0.69609375 0.0546875 0.0546875
0 0.32578125 0.44296875 0.0328125 0.0359375
0 0.3640625 0.46953125 0.040625 0.0453125
0 0.3921875 0.50703125 0.04375 0.0421875
0 0.3390625 0.03671875 0.059375 0.0578125
0 0.334375 0.08515625 0.040625 0.0328125
0 0.3296875 0.1421875 0.0875 0.075
0 0.3703125 0.17421875 0.05 0.0484375
0 0.396875 0.021875 0.0625 0.04375
0 0.490625 0.02890625 0.0375 0.0390625
0 0.45703125 0.015625 0.0421875 0.03125
0 0.5015625 0.075 0.05625 0.053125
0 0.43515625 0.0734375 0.0578125 0.0625
0 0.28828125 0.25625 0.0765625 0.071875
0 0.27421875 0.22109375 0.0578125 0.0421875
0 0.35 0.2359375 0.08125 0.09375
0 0.42890625 0.16328125 0.0796875 0.1015625
0 0.3734375 0.0828125 0.053125 0.05
0 0.36640625 0.0609375 0.0359375 0.0375
0 0.55546875 0.096875 0.0484375 0.053125
0 0.490625 0.1453125 0.071875 0.075
0 0.60078125 0.1421875 0.0921875 0.0875
0 0.55390625 0.20390625 0.0484375 0.0484375
0 0.4828125 0.19921875 0.0375 0.0453125
0 0.50234375 0.20703125 0.0578125 0.0421875
0 0.43515625 0.25703125 0.0765625 0.0890625
0 0.49765625 0.25859375 0.0796875 0.0859375
0 0.66796875 0.21484375 0.0671875 0.0984375
0 0.5953125 0.23046875 0.1 0.1140625
0 0.3890625 0.29921875 0.084375 0.0609375
0 0.44453125 0.31171875 0.0359375 0.0453125
0 0.41953125 0.39453125 0.0765625 0.0890625
0 0.35546875 0.37109375 0.0953125 0.0890625
0 0.3015625 0.69921875 0.025 0.0234375
0 0.49609375 0.49921875 0.0703125 0.0671875
0 0.446875 0.5015625 0.08125 0.090625
0 0.4078125 0.46484375 0.04375 0.0421875
0 0.39140625 0.44140625 0.0484375 0.0421875
0 0.4734375 0.4515625 0.04375 0.04375
0 0.490625 0.35078125 0.1125 0.0953125
0 0.546875 0.2921875 0.065625 0.06875
0 0.62734375 0.3171875 0.1046875 0.103125
0 0.584375 0.36640625 0.059375 0.0546875
0 0.571875 0.44453125 0.084375 0.1078125
0 0.62578125 0.47734375 0.0484375 0.0671875
0 0.51484375 0.4078125 0.0578125 0.05625
0 0.4984375 0.57421875 0.053125 0.0703125
0 0.446875 0.6109375 0.053125 0.065625
0 0.4859375 0.61796875 0.05625 0.0546875
0 0.59765625 0.69140625 0.0421875 0.0421875
0 0.61171875 0.66015625 0.0421875 0.0390625
0 0.584375 0.66953125 0.034375 0.0328125
0 0.55078125 0.61640625 0.1171875 0.1421875
0 0.64453125 0.646875 0.0484375 0.04375
0 0.6515625 0.61328125 0.065625 0.0515625
0 0.67734375 0.5828125 0.0359375 0.04375
0 0.5890625 0.52109375 0.05 0.0484375
0 0.60546875 0.5515625 0.0328125 0.0375
0 0.62109375 0.58515625 0.0671875 0.0484375
0 0.6421875 0.55234375 0.05 0.0453125
0 0.68671875 0.5515625 0.0671875 0.04375
0 0.6578125 0.5 0.05 0.05625
0 0.690625 0.5140625 0.053125 0.040625
0 0.71484375 0.49609375 0.0546875 0.0453125
0 0.646875 0.45390625 0.04375 0.0453125
0 0.64453125 0.40625 0.0609375 0.059375
0 0.6734375 0.41796875 0.0375 0.0515625
0 0.67890625 0.46171875 0.0390625 0.0359375
0 0.69921875 0.45078125 0.0421875 0.0671875
0 0.73828125 0.4390625 0.0515625 0.065625
0 0.78515625 0.43515625 0.0515625 0.0578125
0 0.71171875 0.3953125 0.0328125 0.040625
0 0.70234375 0.36640625 0.0484375 0.0484375
0 0.7484375 0.3609375 0.040625 0.0375
0 0.7703125 0.39765625 0.03125 0.0359375
0 0.7125 0.32578125 0.0625 0.0390625
0 0.71953125 0.27890625 0.0984375 0.0890625
0 0.740625 0.39296875 0.03125 0.0359375
0 0.77421875 0.18125 0.1265625 0.09375
0 0.79296875 0.1078125 0.1453125 0.084375
0 0.81015625 0.03828125 0.1484375 0.0765625
0 0.740625 0.06015625 0.05625 0.0453125
0 0.95546875 0.0875 0.0578125 0.065625
0 0.984375 0.1078125 0.03125 0.0375
0 0.971875 0.03203125 0.05625 0.0640625
0 0.88125 0.1828125 0.03125 0.034375
0 0.91796875 0.17578125 0.0671875 0.0671875
0 0.97734375 0.18203125 0.0453125 0.0796875
0 0.90625 0.24296875 0.071875 0.0609375
0 0.9484375 0.2171875 0.0625 0.065625
0 0.97421875 0.2921875 0.0515625 0.08125
0 0.82578125 0.23515625 0.0796875 0.0671875
0 0.81484375 0.29296875 0.0734375 0.0578125
0 0.7921875 0.3375 0.065625 0.075
0 0.8265625 0.36875 0.053125 0.059375
0 0.85546875 0.3953125 0.0671875 0.075
0 0.8859375 0.34609375 0.0625 0.0578125
0 0.91484375 0.30546875 0.0640625 0.0609375
0 0.95390625 0.39453125 0.0921875 0.1203125
0 0.89296875 0.4671875 0.1140625 0.090625
0 0.9703125 0.56953125 0.034375 0.0359375
0 0.85 0.5421875 0.053125 0.040625
0 0.98046875 0.465625 0.0390625 0.03125
0 0.8015625 0.48203125 0.03125 0.0328125
0 0.80390625 0.5203125 0.0390625 0.040625
0 0.7625 0.5171875 0.053125 0.04375
0 0.82109375 0.56484375 0.0484375 0.0484375
0 0.78515625 0.584375 0.0484375 0.05
0 0.7390625 0.6140625 0.053125 0.053125
0 0.71015625 0.59609375 0.0421875 0.0578125
0 0.7484375 0.5453125 0.059375 0.04375
0 0.74296875 0.57421875 0.0421875 0.0359375
0 0.80546875 0.62890625 0.0765625 0.0828125
0 0.9484375 0.62109375 0.0625 0.0640625
0 0.86171875 0.671875 0.0734375 0.09375
0 0.94453125 0.73203125 0.0484375 0.0578125
0 0.89453125 0.7140625 0.0609375 0.05625
0 0.75703125 0.71484375 0.0296875 0.0328125
0 0.74375 0.7390625 0.040625 0.053125
0 0.71484375 0.74296875 0.0640625 0.0609375
0 0.66640625 0.8015625 0.0359375 0.040625
0 0.63359375 0.796875 0.1390625 0.125
0 0.60703125 0.9546875 0.0359375 0.04375
0 0.5875 0.98046875 0.034375 0.0390625
0 0.61796875 0.98671875 0.0265625 0.0265625
0 0.7015625 0.85703125 0.071875 0.0703125
0 0.69921875 0.95546875 0.1203125 0.0890625
0 0.79375 0.88125 0.084375 0.0875
0 0.8546875 0.89453125 0.053125 0.0453125
0 0.80859375 0.9328125 0.0953125 0.0625
0 0.8109375 0.97578125 0.103125 0.0484375
0 0.8859375 0.97734375 0.040625 0.0421875
0 0.9328125 0.98046875 0.065625 0.0390625
0 0.97421875 0.94921875 0.0515625 0.0484375
0 0.984375 0.8578125 0.03125 0.04375
0 0.9296875 0.91328125 0.103125 0.1078125
0 0.92421875 0.79453125 0.0484375 0.0671875
0 0.8578125 0.76171875 0.053125 0.0484375
0 0.83515625 0.7984375 0.0546875 0.0625
0 0.78828125 0.83203125 0.0359375 0.0359375
0 0.853125 0.84609375 0.05 0.0546875
0 0.9 0.8421875 0.0875 0.071875
0 0.88515625 0.77734375 0.0359375 0.0484375
0 0.66953125 0.89296875 0.0203125 0.0234375
0 0.7328125 0.8890625 0.021875 0.025
0 0.96640625 0.77265625 0.0421875 0.0515625
0 0.52890625 0.1703125 0.0421875 0.040625
0 0.28671875 0.1859375 0.0484375 0.0625