0 0.1078125 0.078125 0.0375 0.04375
0 0.02421875 0.21171875 0.0484375 0.0453125
0 0.271875 0.24609375 0.05625 0.0515625
0 0.2171875 0.29296875 0.053125 0.0484375
0 0.20078125 0.41796875 0.0359375 0.0359375
0 0.2828125 0.3796875 0.05 0.040625
0 0.3546875 0.3265625 0.04375 0.0375
0 0.2078125 0.5296875 0.08125 0.075
0 0.11171875 0.81640625 0.0484375 0.0421875
0 0.1890625 0.8015625 0.03125 0.034375
0 0.11328125 0.77734375 0.0484375 0.0265625
0 0.31796875 0.72265625 0.0578125 0.0359375
0 0.390625 0.7484375 0.028125 0.03125
0 0.45390625 0.7453125 0.0484375 0.034375
0 0.52890625 0.69375 0.0390625 0.03125
0 0.525 0.6390625 0.04375 0.028125
0 0.5734375 0.5875 0.059375 0.04375
0 0.5109375 0.4875 0.040625 0.03125
0 0.54453125 0.44609375 0.0515625 0.0421875
0 0.48515625 0.40078125 0.0578125 0.0671875
0 0.52890625 0.38828125 0.0484375 0.0421875
0 0.4671875 0.3265625 0.034375 0.034375
0 0.41875 0.03984375 0.0625 0.0546875
0 0.2578125 0.6 0.03125 0.028125
0 0.26953125 0.61796875 0.0578125 0.0296875
0 0.30078125 0.54609375 0.0578125 0.0484375
0 0.3140625 0.58203125 0.0375 0.0421875
0 0.1171875 0.94375 0.040625 0.0375
0 0.18984375 0.9671875 0.0453125 0.034375
0 0.33671875 0.92578125 0.0484375 0.0421875
0 0.2953125 0.98671875 0.05625 0.0265625
0 0.38671875 0.97734375 0.0546875 0.0421875
0 0.47578125 0.9734375 0.0671875 0.053125
0 0.5046875 0.946875 0.05 0.06875
0 0.596875 0.975 0.0625 0.0375
0 0.59140625 0.9265625 0.0890625 0.059375
0 0.68359375 0.92890625 0.0796875 0.0796875
0 0.7859375 0.94921875 0.08125 0.1015625
0 0.7265625 0.96953125 0.0875 0.0609375
0 0.97734375 0.9328125 0.0453125 0.05625
0 0.98046875 0.8 0.0390625 0.040625
0 0.984375 0.840625 0.03125 0.053125
0 0.84609375 0.834375 0.0484375 0.059375
0 0.659375 0.80625 0.040625 0.05
0 0.55390625 0.865625 0.0421875 0.04375
0 0.58046875 0.884375 0.0390625 0.040625
0 0.59765625 0.2046875 0.0453125 0.040625
0 0.62109375 0.2203125 0.0390625 0.04375
0 0.61171875 0.0203125 0.0640625 0.040625
0 0.62109375 0.0625 0.0578125 0.05625
0 0.6609375 0.03125 0.065625 0.0625
0 0.69921875 0.015625 0.0796875 0.03125
0 0.6859375 0.05703125 0.05625 0.0359375
0 0.725 0.0515625 0.053125 0.0625
0 0.77109375 0.02421875 0.0796875 0.0484375
0 0.80546875 0.03359375 0.0546875 0.0671875
0 0.84765625 0.03359375 0.0734375 0.0671875
0 0.94453125 0.02421875 0.1046875 0.0484375
0 0.9625 0.071875 0.075 0.075
0 0.95625 0.12890625 0.0875 0.0734375
0 0.89921875 0.07109375 0.0703125 0.0453125
0 0.90234375 0.11640625 0.0703125 0.0640625
0 0.796875 0.06875 0.05625 0.0375
0 0.8328125 0.0953125 0.09375 0.065625
0 0.7515625 0.08125 0.065625 0.053125
0 0.6484375 0.0921875 0.0625 0.053125
0 0.6734375 0.11171875 0.05 0.0453125
0 0.7015625 0.10234375 0.065625 0.0515625
0 0.74765625 0.1171875 0.0515625 0.040625
0 0.6703125 0.18359375 0.1125 0.1171875
0 0.7203125 0.1453125 0.06875 0.0625
0 0.78125 0.1625 0.09375 0.06875
0 0.82734375 0.14921875 0.0453125 0.0484375
0 0.6890625 0.25703125 0.059375 0.0828125
0 0.7390625 0.24765625 0.071875 0.0546875
0 0.71171875 0.296875 0.0953125 0.0625
0 0.78125 0.3078125 0.065625 0.0875
0 0.72109375 0.34140625 0.0828125 0.0640625
0 0.7828125 0.365625 0.071875 0.0625
0 0.75625 0.39296875 0.084375 0.0671875
0 0.72265625 0.4359375 0.0703125 0.0625
0 0.80859375 0.275 0.0765625 0.059375
0 0.82421875 0.22421875 0.0640625 0.0671875
0 0.8734375 0.23671875 0.053125 0.0640625
0 0.87109375 0.28515625 0.0609375 0.0546875
0 0.828125 0.35078125 0.065625 0.0484375
0 0.81953125 0.41484375 0.0828125 0.0765625
0 0.865625 0.39765625 0.075 0.0953125
0 0.94140625 0.384375 0.0703125 0.053125
0 0.9140625 0.31484375 0.103125 0.0515625
0 0.95625 0.190625 0.0875 0.084375
0 0.9734375 0.271875 0.053125 0.071875
0 0.93046875 0.25625 0.0515625 0.059375
0 0.96953125 0.32578125 0.0609375 0.0890625
0 0.9421875 0.42109375 0.05 0.0484375
0 0.9734375 0.41015625 0.053125 0.0609375
0 0.84609375 0.471875 0.0640625 0.09375
0 0.89296875 0.43984375 0.0484375 0.0703125
0 0.9 0.50859375 0.0875 0.0859375
0 0.971875 0.48359375 0.05625 0.0796875
0 0.9640625 0.5296875 0.0625 0.06875
0 0.96953125 0.578125 0.0609375 0.09375
0 0.98515625 0.73359375 0.0296875 0.0640625
0 0.74765625 0.646875 0.0828125 0.06875
0 0.75703125 0.48828125 0.0796875 0.0703125
0 0.76953125 0.5375 0.0703125 0.06875
0 0.83125 0.5421875 0.0625 0.071875
0 0.80625 0.5703125 0.09375 0.0625
0 0.77734375 0.58515625 0.0953125 0.0390625
0 0.7984375 0.62734375 0.065625 0.0859375
0 0.83515625 0.6484375 0.0578125 0.053125
0 0.79296875 0.68359375 0.0890625 0.0546875
0 0.7875 0.71484375 0.1 0.0578125
0 0.8078125 0.75234375 0.0875 0.0484375
0 0.73203125 0.75859375 0.0953125 0.0421875
0 0.796875 0.8140625 0.059375 0.115625
0 0.70546875 0.8140625 0.0484375 0.084375
0 0.74375 0.784375 0.05625 0.053125
0 0.74609375 0.83203125 0.0921875 0.0953125
0 0.71640625 0.8859375 0.0671875 0.1125
0 0.77890625 0.88125 0.0859375 0.08125
0 0.86015625 0.18203125 0.0578125 0.0890625