0 0.43125 0.98671875 0.046875 0.02578125
0 0.01875 0.909375 0.0375 0.10078125
0 0.04375 0.79921875 0.0875 0.0765625
0 0.04140625 0.74609375 0.0828125 0.0734375
0 0.08671875 0.77734375 0.06640625 0.06484375
0 0.115625 0.72578125 0.0875 0.06796875
0 0.0484375 0.68203125 0.090625 0.09765625
0 0.00703125 0.66171875 0.0140625 0.1109375
0 0.0265625 0.61015625 0.053125 0.0671875
0 0.0953125 0.6359375 0.0921875 0.128125
0 0.10234375 0.56328125 0.0875 0.075
0 0.02265625 0.5609375 0.0453125 0.0765625
0 0.00703125 0.51328125 0.0140625 0.0765625
0 0.07109375 0.50703125 0.13984375 0.11875
0 0.00625 0.4328125 0.0125 0.075
0 0.0390625 0.3953125 0.05546875 0.06953125
0 0.01171875 0.36328125 0.02265625 0.06171875
0 0.01328125 0.3125 0.02578125 0.06328125
0 0.059375 0.31875 0.05390625 0.04375
0 0.0921875 0.29609375 0.0453125 0.046875
0 0.0484375 0.23359375 0.06484375 0.10703125
0 0.021875 0.11796875 0.040625 0.040625
0 0.04609375 0.1828125 0.046875 0.04375
0 0.05625 0.1453125 0.046875 0.0375
0 0.0484375 0.08203125 0.0390625 0.046875
0 0.01484375 0.07734375 0.02890625 0.06953125
0 0.04609375 0.04296875 0.034375 0.040625
0 0.040625 0.00390625 0.05546875 0.0078125
0 0.1296875 0.26640625 0.06796875 0.090625
0 0.09765625 0.2296875 0.06171875 0.05390625
0 0.1125 0.16484375 0.10234375 0.0890625
0 0.11875 0.096875 0.10703125 0.0921875
0 0.18359375 0.09453125 0.075 0.06796875
0 0.19609375 0.2234375 0.0515625 0.06015625
0 0.1703125 0.178125 0.0453125 0.04375
0 0.125 0.4109375 0.05546875 0.0390625
0 0.1171875 0.4515625 0.05546875 0.0453125
0 0.16640625 0.41484375 0.06953125 0.06953125
0 0.1671875 0.4796875 0.05546875 0.05390625
0 0.18046875 0.51875 0.084375 0.0828125
0 0.24765625 0.5109375 0.05703125 0.06953125
0 0.19453125 0.36796875 0.1203125 0.0921875
0 0.10546875 0.378125 0.09453125 0.07109375
0 0.11953125 0.34296875 0.0890625 0.06640625
0 0.19296875 0.3 0.13984375 0.1171875
0 0.16796875 0.834375 0.09921875 0.07109375
0 0.221875 0.865625 0.05703125 0.0515625
0 0.278125 0.88046875 0.0921875 0.05390625
0 0.43125 0.984375 0.046875 0.03046875
0 0.45859375 0.9390625 0.046875 0.05703125
0 0.471875 0.8953125 0.0796875 0.06328125
0 0.35625 0.8984375 0.0828125 0.06015625
0 0.421875 0.85234375 0.11015625 0.09765625
0 0.3015625 0.83671875 0.09765625 0.0828125
0 0.23125 0.778125 0.06640625 0.0921875
0 0.1625 0.7609375 0.09453125 0.0890625
0 0.3609375 0.796875 0.10234375 0.11015625
0 0.41484375 0.7703125 0.06328125 0.06015625
0 0.5046875 0.78984375 0.09453125 0.10234375
0 0.4765625 0.715625 0.06015625 0.09453125
0 0.5375 0.71171875 0.10390625 0.11171875
0 0.54375 0.625 0.10703125 0.11015625
0 0.33046875 0.734375 0.10546875 0.14140625
0 0.2515625 0.70703125 0.075 0.0734375
0 0.1625 0.6734375 0.09765625 0.09765625
0 0.16171875 0.590625 0.06015625 0.075
0 0.215625 0.6046875 0.0875 0.0890625
0 0.25390625 0.6515625 0.0765625 0.06328125
0 0.4234375 0.6859375 0.1203125 0.14453125
0 0.3296875 0.63125 0.1203125 0.10703125
0 0.275 0.58828125 0.06953125 0.0765625
0 0.325 0.54375 0.084375 0.06796875
0 0.33828125 0.49765625 0.0859375 0.05703125
0 0.35625 0.4734375 0.046875 0.06640625
0 0.30078125 0.42578125 0.046875 0.0921875
0 0.41171875 0.4609375 0.04375 0.07109375
0 0.35625 0.40078125 0.13125 0.10078125
0 0.27578125 0.32578125 0.05859375 0.06015625
0 0.36015625 0.3359375 0.1296875 0.06171875
0 0.3234375 0.26171875 0.075 0.06796875
0 0.27109375 0.2484375 0.09765625 0.06796875
0 0.27265625 0.19375 0.090625 0.10234375
0 0.4375 0.290625 0.11875 0.09765625
0 0.5125 0.51640625 0.15390625 0.13984375
0 0.60703125 0.553125 0.05546875 0.06015625
0 0.59765625 0.5125 0.075 0.05703125
0 0.565625 0.45234375 0.05703125 0.06015625
0 0.62578125 0.4390625 0.0828125 0.14453125
0 0.4734375 0.4140625 0.11171875 0.10390625
0 0.54609375 0.3984375 0.0890625 0.10859375
0 0.6046875 0.37265625 0.05390625 0.06640625
0 0.59296875 0.328125 0.06015625 0.06484375
0 0.54453125 0.26953125 0.134375 0.15234375
0 0.44921875 0.2265625 0.10859375 0.0796875
0 0.37578125 0.20546875 0.0796875 0.05703125
0 0.4515625 0.1515625 0.11015625 0.06953125
0 0.34296875 0.1578125 0.0921875 0.078125
0 0.40859375 0.096875 0.06953125 0.0828125
0 0.26875 0.1078125 0.0828125 0.0734375
0 0.33515625 0.08515625 0.06953125 0.10234375
0 0.259375 0.04296875 0.05859375 0.0796875
0 0.3578125 0.028125 0.084375 0.05625
0 0.42109375 0.0203125 0.034375 0.040625
0 0.46171875 0.009375 0.0453125 0.01875
0 0.6953125 0.36640625 0.06640625 0.06328125
0 0.51171875 0.08359375 0.06796875 0.0796875
0 0.52734375 0.015625 0.06171875 0.03046875
0 0.55078125 0.04140625 0.04375 0.046875
0 0.57734375 0.06875 0.05703125 0.046875
0 0.61640625 0.15390625 0.09609375 0.090625
0 0.6375 0.215625 0.040625 0.0515625
0 0.6953125 0.28984375 0.06640625 0.04375
0 0.684375 0.22109375 0.06953125 0.0328125
0 0.68359375 0.259375 0.06796875 0.0421875
0 0.74453125 0.2546875 0.05 0.05546875
0 0.76640625 0.2109375 0.078125 0.09453125
0 0.73203125 0.16484375 0.1328125 0.09921875
0 0.940625 0.38359375 0.0734375 0.0765625
0 0.840625 0.221875 0.10390625 0.10234375
0 0.928125 0.2734375 0.06953125 0.06640625
0 0.909375 0.15390625 0.078125 0.06796875
0 0.765625 0.04609375 0.115625 0.0921875
0 0.8234375 0.025 0.10703125 0.05
0 0.51875 0.98359375 0.10859375 0.0328125
0 0.59296875 0.96796875 0.06015625 0.06328125
0 0.7015625 0.98046875 0.06796875 0.0390625
0 0.8953125 0.99453125 0.090625 0.0109375
0 0.96171875 0.96796875 0.0765625 0.06328125
0 0.96640625 0.8921875 0.06640625 0.0765625
0 0.93828125 0.846875 0.078125 0.0828125
0 0.88125 0.9515625 0.0875 0.096875
0 0.81328125 0.97265625 0.1046875 0.0546875
0 0.746875 0.95234375 0.06796875 0.0765625
0 0.74140625 0.896875 0.0765625 0.0859375
0 0.64921875 0.93359375 0.1203125 0.11015625
0 0.68359375 0.8328125 0.090625 0.10703125
0 0.59765625 0.90703125 0.078125 0.05390625
0 0.60703125 0.84453125 0.06796875 0.09765625
0 0.56796875 0.80078125 0.07109375 0.0921875
0 0.64140625 0.75859375 0.11015625 0.115625
0 0.65859375 0.6671875 0.11171875 0.09765625
0 0.628125 0.60625 0.07109375 0.115625
0 0.6765625 0.5890625 0.078125 0.09765625
0 0.68984375 0.5328125 0.1265625 0.1625
0 0.7765625 0.4625 0.09609375 0.084375
0 0.73359375 0.6625 0.078125 0.078125
0 0.7578125 0.71640625 0.10390625 0.121875
0 0.75703125 0.8015625 0.128125 0.07109375
0 0.821875 0.7296875 0.10234375 0.0734375
0 0.8859375 0.66171875 0.10234375 0.115625
0 0.90234375 0.77421875 0.10703125 0.11015625
0 0.984375 0.76953125 0.03046875 0.05546875
0 0.95703125 0.6921875 0.06640625 0.06015625
0 0.98203125 0.73046875 0.0359375 0.05859375
0 0.80078125 0.85 0.10546875 0.10234375
0 0.8765625 0.88046875 0.07109375 0.06640625
0 0.9578125 0.6375 0.06796875 0.06640625
0 0.91796875 0.57890625 0.0796875 0.06953125
0 0.97734375 0.56953125 0.0453125 0.090625
0 0.95234375 0.5140625 0.05 0.05703125
0 0.86015625 0.5046875 0.06796875 0.07109375
0 0.79609375 0.53828125 0.0828125 0.0796875
0 0.8671875 0.4609375 0.09765625 0.090625
0 0.94140625 0.46171875 0.06484375 0.0796875
0 0.9890625 0.4328125 0.02109375 0.06640625
0 0.9359375 0.384375 0.0765625 0.0875
0 0.7421875 0.3 0.0453125 0.06171875
0 0.7875 0.31953125 0.06171875 0.0453125
0 0.778125 0.28046875 0.06640625 0.0453125
0 0.996875 0.34296875 0.00625 0.0828125