0 0.5734375 0.9671875 0.0453125 0.040625
0 0.97734375 0.88359375 0.0453125 0.09765625
0 0.95078125 0.77734375 0.08984375 0.07421875
0 0.95546875 0.7265625 0.0890625 0.071875
0 0.90625 0.75625 0.06484375 0.06328125
0 0.87890625 0.70625 0.08515625 0.06640625
0 0.94375 0.66328125 0.08828125 0.09453125
0 0.98828125 0.64296875 0.0234375 0.10703125
0 0.9671875 0.59375 0.05625 0.06484375
0 0.8984375 0.61875 0.08984375 0.12421875
0 0.89140625 0.5484375 0.08515625 0.07265625
0 0.9734375 0.54609375 0.053125 0.07421875
0 0.98828125 0.49921875 0.0234375 0.07421875
0 0.92109375 0.49453125 0.13515625 0.11484375
0 0.9890625 0.42109375 0.021875 0.07265625
0 0.953125 0.3859375 0.053125 0.06796875
0 0.984375 0.35546875 0.03125 0.059375
0 0.9828125 0.30546875 0.034375 0.0609375
0 0.9328125 0.31171875 0.0515625 0.0421875
0 0.90078125 0.28984375 0.04375 0.0453125
0 0.94375 0.2296875 0.06328125 0.10390625
0 0.96953125 0.1171875 0.0390625 0.0390625
0 0.94609375 0.1796875 0.0453125 0.0421875
0 0.9359375 0.14375 0.0453125 0.0359375
0 0.94375 0.0828125 0.0375 0.0453125
0 0.97734375 0.078125 0.0296875 0.06796875
0 0.94609375 0.04453125 0.0328125 0.0390625
0 0.9515625 0.00546875 0.053125 0.0109375
0 0.86484375 0.2609375 0.06640625 0.08828125
0 0.89609375 0.22578125 0.059375 0.0515625
0 0.88125 0.1625 0.09921875 0.08671875
0 0.87578125 0.096875 0.10390625 0.08984375
0 0.81328125 0.09453125 0.07265625 0.06640625
0 0.8 0.21953125 0.05 0.0578125
0 0.82578125 0.175 0.04375 0.0421875
0 0.86953125 0.40078125 0.053125 0.0375
0 0.87734375 0.440625 0.053125 0.04375
0 0.8296875 0.4046875 0.06796875 0.06796875
0 0.82890625 0.46796875 0.053125 0.0515625
0 0.81640625 0.50546875 0.08203125 0.08046875
0 0.75078125 0.49765625 0.0546875 0.06796875
0 0.8015625 0.359375 0.11640625 0.08984375
0 0.88828125 0.36953125 0.09140625 0.06953125
0 0.875 0.3359375 0.08671875 0.06484375
0 0.803125 0.29375 0.13515625 0.11328125
0 0.828125 0.8109375 0.09609375 0.06953125
0 0.77578125 0.84140625 0.0546875 0.05
0 0.72109375 0.85625 0.08984375 0.0515625
0 0.5734375 0.97109375 0.0453125 0.0578125
0 0.54609375 0.9125 0.0453125 0.0546875
0 0.53359375 0.8703125 0.07734375 0.0609375
0 0.6453125 0.8734375 0.08046875 0.0578125
0 0.58203125 0.82890625 0.10703125 0.09453125
0 0.6984375 0.8140625 0.09453125 0.08046875
0 0.76640625 0.75703125 0.06484375 0.08984375
0 0.83359375 0.73984375 0.09140625 0.08671875
0 0.640625 0.775 0.09921875 0.10703125
0 0.5890625 0.74921875 0.0609375 0.0578125
0 0.5015625 0.76796875 0.09140625 0.09921875
0 0.52890625 0.696875 0.0578125 0.09140625
0 0.4703125 0.69296875 0.10078125 0.10859375
0 0.4640625 0.60859375 0.10390625 0.10703125
0 0.6703125 0.71484375 0.10234375 0.13671875
0 0.746875 0.68828125 0.07265625 0.07109375
0 0.83359375 0.65546875 0.09453125 0.09453125
0 0.834375 0.57578125 0.0578125 0.07265625
0 0.78125 0.5890625 0.08515625 0.08671875
0 0.74453125 0.634375 0.07421875 0.0609375
0 0.58046875 0.6671875 0.11640625 0.13984375
0 0.67109375 0.61484375 0.11640625 0.10390625
0 0.72421875 0.5734375 0.06796875 0.07421875
0 0.67578125 0.5296875 0.08203125 0.06640625
0 0.6625 0.48515625 0.08359375 0.0546875
0 0.6453125 0.46171875 0.0453125 0.06484375
0 0.69921875 0.415625 0.0453125 0.08984375
0 0.5921875 0.45 0.0421875 0.06953125
0 0.6453125 0.39140625 0.12734375 0.09765625
0 0.7234375 0.31875 0.05625 0.0578125
0 0.64140625 0.32890625 0.12578125 0.059375
0 0.67734375 0.25625 0.07265625 0.06640625
0 0.728125 0.24375 0.09453125 0.06640625
0 0.7265625 0.19140625 0.08828125 0.09921875
0 0.5671875 0.284375 0.11484375 0.09453125
0 0.49453125 0.503125 0.14921875 0.13515625
0 0.40234375 0.53828125 0.053125 0.0578125
0 0.41171875 0.49921875 0.07265625 0.0546875
0 0.44296875 0.44140625 0.0546875 0.0578125
0 0.384375 0.428125 0.08046875 0.13984375
0 0.53203125 0.40390625 0.10859375 0.10078125
0 0.46171875 0.3890625 0.08671875 0.10546875
0 0.4046875 0.3640625 0.0515625 0.06484375
0 0.415625 0.32109375 0.0578125 0.06328125
0 0.46328125 0.2640625 0.13046875 0.14765625
0 0.55546875 0.22265625 0.10546875 0.07734375
0 0.6265625 0.20234375 0.07734375 0.0546875
0 0.553125 0.15 0.10703125 0.06796875
0 0.6578125 0.15546875 0.08984375 0.07578125
0 0.5953125 0.096875 0.06796875 0.08046875
0 0.73046875 0.1078125 0.08046875 0.07109375
0 0.665625 0.0859375 0.06796875 0.09921875
0 0.7390625 0.04453125 0.05625 0.07734375
0 0.64296875 0.028125 0.08203125 0.05625
0 0.5828125 0.02109375 0.0328125 0.0421875
0 0.5421875 0.01015625 0.04375 0.0203125
0 0.3171875 0.3578125 0.06484375 0.0609375
0 0.4953125 0.084375 0.06640625 0.07734375
0 0.4796875 0.01640625 0.059375 0.0328125
0 0.45703125 0.04296875 0.0421875 0.0453125
0 0.43125 0.0703125 0.0546875 0.0453125
0 0.39375 0.15234375 0.09296875 0.08828125
0 0.3734375 0.2125 0.0390625 0.05
0 0.3171875 0.28359375 0.06484375 0.0421875
0 0.328125 0.2171875 0.06796875 0.03125
0 0.32890625 0.2546875 0.06640625 0.040625
0 0.26953125 0.25 0.0484375 0.053125
0 0.2484375 0.2078125 0.07578125 0.09140625
0 0.28125 0.1625 0.12890625 0.09609375
0 0.0796875 0.375 0.07109375 0.07421875
0 0.17578125 0.21796875 0.10078125 0.09921875
0 0.0921875 0.26796875 0.06796875 0.06484375
0 0.11015625 0.15234375 0.07578125 0.06640625
0 0.25 0.046875 0.1125 0.09375
0 0.19375 0.02578125 0.10390625 0.0515625
0 0.48828125 0.9703125 0.10546875 0.059375
0 0.41640625 0.95546875 0.0578125 0.0890625
0 0.31171875 0.9671875 0.0671875 0.065625
0 0.12265625 0.98046875 0.08828125 0.0390625
0 0.0484375 0.95546875 0.096875 0.0890625
0 0.05390625 0.8671875 0.06484375 0.07421875
0 0.08203125 0.8234375 0.07578125 0.08046875
0 0.13671875 0.92421875 0.08515625 0.09453125
0 0.203125 0.959375 0.103125 0.08125
0 0.2671875 0.925 0.06640625 0.07421875
0 0.27265625 0.871875 0.07421875 0.08359375
0 0.36171875 0.90703125 0.11640625 0.10703125
0 0.32890625 0.809375 0.08828125 0.10390625
0 0.41171875 0.88125 0.07578125 0.0515625
0 0.40234375 0.82109375 0.06640625 0.09453125
0 0.440625 0.77890625 0.06953125 0.08984375
0 0.36953125 0.73828125 0.10703125 0.11171875
0 0.353125 0.64921875 0.10859375 0.09453125
0 0.38203125 0.590625 0.06953125 0.11171875
0 0.33515625 0.57421875 0.07578125 0.09453125
0 0.32265625 0.51875 0.12265625 0.15703125
0 0.23828125 0.4515625 0.09296875 0.08203125
0 0.2796875 0.64453125 0.07578125 0.07578125
0 0.25625 0.69765625 0.10078125 0.11796875
0 0.25703125 0.7796875 0.12421875 0.06953125
0 0.19453125 0.71015625 0.09921875 0.07109375
0 0.1328125 0.64375 0.09921875 0.11171875
0 0.11640625 0.753125 0.10390625 0.10703125
0 0.02578125 0.7484375 0.0515625 0.053125
0 0.0640625 0.6734375 0.06484375 0.0578125
0 0.028125 0.7109375 0.05625 0.05625
0 0.21484375 0.8265625 0.10234375 0.09921875
0 0.14140625 0.85625 0.06953125 0.06484375
0 0.06328125 0.6203125 0.06640625 0.06484375
0 0.1015625 0.5640625 0.07734375 0.06796875
0 0.03359375 0.55546875 0.0671875 0.0890625
0 0.06875 0.50078125 0.0484375 0.0546875
0 0.15703125 0.4921875 0.06640625 0.06953125
0 0.21953125 0.52421875 0.08046875 0.07734375
0 0.15078125 0.45 0.09453125 0.08828125
0 0.07890625 0.45078125 0.06328125 0.07734375
0 0.02109375 0.421875 0.0421875 0.06484375
0 0.084375 0.37578125 0.07421875 0.08515625
0 0.271875 0.29375 0.04375 0.059375
0 0.228125 0.31328125 0.059375 0.04375
0 0.23671875 0.275 0.06484375 0.04375
0 0.0140625 0.3359375 0.028125 0.08046875