0 0.04609375 0.02578125 0.040625 0.04765625
0 0.225 0.209375 0.06171875 0.05625
0 0.165625 0.26015625 0.0578125 0.053125
0 0.14765625 0.396875 0.0390625 0.0390625
0 0.2375 0.3546875 0.0546875 0.04453125
0 0.315625 0.296875 0.04765625 0.040625
0 0.15546875 0.51875 0.0890625 0.08203125
0 0.05 0.83203125 0.053125 0.04609375
0 0.13515625 0.815625 0.034375 0.0375
0 0.05234375 0.7890625 0.053125 0.02890625
0 0.27578125 0.7296875 0.06328125 0.0390625
0 0.3546875 0.7578125 0.03046875 0.034375
0 0.42421875 0.75390625 0.053125 0.0375
0 0.50625 0.69765625 0.04296875 0.034375
0 0.5015625 0.63828125 0.04765625 0.03046875
0 0.5546875 0.58203125 0.06484375 0.04765625
0 0.48671875 0.47265625 0.04453125 0.034375
0 0.52265625 0.42734375 0.05625 0.04609375
0 0.4578125 0.378125 0.06328125 0.0734375
0 0.50625 0.3640625 0.053125 0.04609375
0 0.43828125 0.296875 0.0375 0.0375
0 0.3859375 0.00703125 0.06796875 0.01328125
0 0.21015625 0.5953125 0.034375 0.03046875
0 0.22265625 0.61484375 0.06328125 0.0328125
0 0.25703125 0.53671875 0.06328125 0.053125
0 0.27109375 0.57578125 0.040625 0.04609375
0 0.05625 0.97109375 0.04453125 0.040625
0 0.1359375 0.9890625 0.04921875 0.021875
0 0.29609375 0.9515625 0.053125 0.04609375
0 0.35078125 0.9921875 0.059375 0.015625
0 0.44765625 0.98671875 0.0734375 0.0265625
0 0.47890625 0.96796875 0.0546875 0.0640625
0 0.58046875 0.9921875 0.06796875 0.015625
0 0.57421875 0.95234375 0.09765625 0.06484375
0 0.675 0.9546875 0.08671875 0.08671875
0 0.78671875 0.9609375 0.0890625 0.078125
0 0.721875 0.9828125 0.0953125 0.034375
0 0.98515625 0.959375 0.02890625 0.06171875
0 0.9890625 0.8140625 0.021875 0.04453125
0 0.99296875 0.85859375 0.01328125 0.0578125
0 0.85234375 0.8515625 0.053125 0.06484375
0 0.6484375 0.82109375 0.04453125 0.0546875
0 0.53359375 0.8859375 0.04609375 0.04765625
0 0.5625 0.90625 0.04296875 0.04453125
0 0.58125 0.1640625 0.04921875 0.04453125
0 0.60703125 0.18125 0.04296875 0.04765625
0 0.60703125 0.01953125 0.06328125 0.0390625
0 0.67734375 0.0109375 0.06171875 0.021875
0 0.7203125 0.015625 0.0578125 0.03046875
0 0.96875 0.0296875 0.0625 0.059375
0 0.9625 0.08125 0.075 0.08046875
0 0.91015625 0.02109375 0.0765625 0.0421875
0 0.9140625 0.0671875 0.0765625 0.0703125
0 0.7984375 0.01796875 0.06171875 0.0359375
0 0.8375 0.04453125 0.10234375 0.071875
0 0.74921875 0.02890625 0.071875 0.0578125
0 0.63671875 0.040625 0.06796875 0.0578125
0 0.6640625 0.0625 0.0546875 0.04921875
0 0.69453125 0.05234375 0.071875 0.05625
0 0.74453125 0.06796875 0.05625 0.04453125
0 0.66015625 0.140625 0.12265625 0.128125
0 0.71484375 0.09921875 0.075 0.06796875
0 0.78125 0.11796875 0.10234375 0.075
0 0.83203125 0.103125 0.04921875 0.053125
0 0.68125 0.22109375 0.06484375 0.090625
0 0.73515625 0.2109375 0.078125 0.059375
0 0.70546875 0.26484375 0.10390625 0.06796875
0 0.78125 0.2765625 0.071875 0.0953125
0 0.715625 0.31328125 0.090625 0.0703125
0 0.78359375 0.33984375 0.078125 0.06796875
0 0.75390625 0.36953125 0.0921875 0.0734375
0 0.7171875 0.41640625 0.0765625 0.06796875
0 0.81171875 0.240625 0.08359375 0.06484375
0 0.828125 0.18515625 0.0703125 0.0734375
0 0.88203125 0.1984375 0.0578125 0.0703125
0 0.8796875 0.2515625 0.06640625 0.059375
0 0.8328125 0.3234375 0.071875 0.053125
0 0.8234375 0.39296875 0.090625 0.08359375
0 0.8734375 0.37421875 0.08203125 0.10390625
0 0.95625 0.36015625 0.0765625 0.0578125
0 0.9265625 0.284375 0.1125 0.05625
0 0.9625 0.1484375 0.075 0.0921875
0 0.98125 0.2375 0.0375 0.078125
0 0.94453125 0.2203125 0.05625 0.06484375
0 0.9765625 0.2953125 0.046875 0.096875
0 0.95703125 0.4 0.0546875 0.053125
0 0.98125 0.38828125 0.0375 0.06640625
0 0.85234375 0.45546875 0.0703125 0.10234375
0 0.90390625 0.4203125 0.053125 0.0765625
0 0.9109375 0.49609375 0.0953125 0.09375
0 0.9796875 0.46875 0.040625 0.08671875
0 0.9734375 0.51875 0.053125 0.075
0 0.9765625 0.57109375 0.046875 0.1015625
0 0.99375 0.74140625 0.01171875 0.0703125
0 0.74453125 0.646875 0.090625 0.075
0 0.75546875 0.4734375 0.08671875 0.0765625
0 0.76875 0.52734375 0.0765625 0.075
0 0.8359375 0.5328125 0.06796875 0.078125
0 0.80859375 0.56328125 0.10234375 0.06796875
0 0.77734375 0.5796875 0.10390625 0.04296875
0 0.8 0.62578125 0.071875 0.09375
0 0.840625 0.6484375 0.06328125 0.0578125
0 0.79453125 0.68671875 0.09765625 0.059375
0 0.78828125 0.72109375 0.109375 0.06328125
0 0.8109375 0.76171875 0.0953125 0.053125
0 0.728125 0.76875 0.10390625 0.04609375
0 0.7984375 0.8296875 0.06484375 0.1265625
0 0.6984375 0.8296875 0.053125 0.0921875
0 0.740625 0.796875 0.06171875 0.0578125
0 0.74296875 0.84921875 0.10078125 0.10390625
0 0.7109375 0.9078125 0.0734375 0.12265625
0 0.77890625 0.90234375 0.09375 0.0890625
0 0.86796875 0.1390625 0.06328125 0.09765625