0 0.78046875 0.91796875 0.04765625 0.05546875
0 0.9859375 0.7296875 0.028125 0.05703125
0 0.9390625 0.7421875 0.08359375 0.06171875
0 0.89453125 0.7734375 0.034375 0.02421875
0 0.9 0.8015625 0.0421875 0.0375
0 0.8546875 0.815625 0.0359375 0.04609375
0 0.82734375 0.81796875 0.040625 0.05078125
0 0.88828125 0.734375 0.034375 0.04375
0 0.86953125 0.75078125 0.0390625 0.04375
0 0.840625 0.76640625 0.05390625 0.05234375
0 0.98125 0.66875 0.0375 0.04375
0 0.915625 0.66875 0.08671875 0.0765625
0 0.9953125 0.64609375 0.009375 0.0421875
0 0.99375 0.5359375 0.0125 0.0375
0 0.815625 0.66484375 0.0390625 0.0328125
0 0.78984375 0.71796875 0.04765625 0.0375
0 0.81328125 0.696875 0.04375 0.0375
0 0.8 0.7546875 0.04765625 0.05546875
0 0.9078125 0.46796875 0.0375 0.0375
0 0.896875 0.421875 0.05234375 0.04609375
0 0.778125 0.7953125 0.04609375 0.0375
0 0.7828125 0.8265625 0.0328125 0.0328125
0 0.86015625 0.9484375 0.034375 0.0375
0 0.69375 0.68203125 0.03125 0.0375
0 0.53515625 0.27734375 0.05703125 0.05703125
0 0.68671875 0.54140625 0.034375 0.0375
0 0.646875 0.5140625 0.0421875 0.04765625
0 0.61796875 0.475 0.04609375 0.04375
0 0.6734375 0.96640625 0.06171875 0.06015625
0 0.678125 0.915625 0.0421875 0.034375
0 0.6828125 0.85625 0.09140625 0.078125
0 0.640625 0.82265625 0.05234375 0.05078125
0 0.6125 0.9796875 0.065625 0.040625
0 0.51484375 0.975 0.0390625 0.040625
0 0.55 0.9859375 0.04375 0.028125
0 0.503125 0.9265625 0.05859375 0.05546875
0 0.57265625 0.928125 0.06015625 0.065625
0 0.7265625 0.73671875 0.0796875 0.075
0 0.740625 0.7734375 0.06015625 0.04375
0 0.66171875 0.7578125 0.08515625 0.09765625
0 0.57890625 0.834375 0.08359375 0.10625
0 0.6375 0.91796875 0.05546875 0.05234375
0 0.64453125 0.94140625 0.0375 0.0390625
0 0.446875 0.90390625 0.05078125 0.05546875
0 0.51484375 0.853125 0.075 0.078125
0 0.39921875 0.85625 0.09609375 0.09140625
0 0.4484375 0.79140625 0.05078125 0.05078125
0 0.52265625 0.796875 0.0390625 0.04765625
0 0.50234375 0.78828125 0.06015625 0.04375
0 0.57265625 0.7359375 0.0796875 0.09296875
0 0.50703125 0.734375 0.08359375 0.08984375
0 0.32890625 0.78046875 0.0703125 0.103125
0 0.40546875 0.7640625 0.1046875 0.11953125
0 0.62109375 0.6921875 0.08828125 0.0640625
0 0.56328125 0.67890625 0.0375 0.04765625
0 0.5890625 0.5921875 0.0796875 0.09296875
0 0.65625 0.6171875 0.1 0.09296875
0 0.7125 0.2734375 0.02578125 0.02421875
0 0.509375 0.4828125 0.0734375 0.0703125
0 0.56015625 0.48046875 0.08515625 0.09453125
0 0.6015625 0.51875 0.04609375 0.04375
0 0.61875 0.54296875 0.05078125 0.04375
0 0.5328125 0.5328125 0.04609375 0.04609375
0 0.51484375 0.63828125 0.11796875 0.1
0 0.45625 0.69921875 0.06875 0.071875
0 0.371875 0.6734375 0.109375 0.1078125
0 0.41640625 0.621875 0.06171875 0.05703125
0 0.4296875 0.53984375 0.08828125 0.1125
0 0.3734375 0.50546875 0.05078125 0.0703125
0 0.4890625 0.578125 0.06015625 0.05859375
0 0.50625 0.4046875 0.05546875 0.0734375
0 0.56015625 0.365625 0.05546875 0.06875
0 0.51953125 0.35859375 0.05859375 0.05703125
0 0.403125 0.28203125 0.04375 0.04375
0 0.38828125 0.31484375 0.04375 0.040625
0 0.41640625 0.3046875 0.0359375 0.034375
0 0.4515625 0.36015625 0.12265625 0.1484375
0 0.35390625 0.328125 0.05078125 0.04609375
0 0.34609375 0.36328125 0.06875 0.05390625
0 0.31953125 0.3953125 0.0375 0.04609375
0 0.41171875 0.46015625 0.05234375 0.05078125
0 0.39453125 0.428125 0.034375 0.0390625
0 0.378125 0.39296875 0.0703125 0.05078125
0 0.35625 0.42734375 0.05234375 0.04765625
0 0.309375 0.428125 0.0703125 0.04609375
0 0.33984375 0.48203125 0.05234375 0.05859375
0 0.30546875 0.4671875 0.05546875 0.0421875
0 0.28046875 0.4859375 0.05703125 0.04765625
0 0.3515625 0.53046875 0.04609375 0.04765625
0 0.35390625 0.5796875 0.0640625 0.06171875
0 0.3234375 0.56796875 0.0390625 0.05390625
0 0.31796875 0.521875 0.040625 0.0375
0 0.296875 0.53359375 0.04375 0.0703125
0 0.25546875 0.54609375 0.05390625 0.06875
0 0.20703125 0.55 0.05390625 0.06015625
0 0.28359375 0.59140625 0.034375 0.0421875
0 0.29296875 0.621875 0.05078125 0.05078125
0 0.2453125 0.62734375 0.0421875 0.0390625
0 0.221875 0.5890625 0.0328125 0.0375
0 0.2828125 0.6640625 0.065625 0.040625
0 0.275 0.71328125 0.103125 0.09296875
0 0.253125 0.59375 0.0328125 0.0375
0 0.21796875 0.815625 0.13203125 0.09765625
0 0.1984375 0.8921875 0.15234375 0.08828125
0 0.18046875 0.9625 0.15546875 0.075
0 0.253125 0.9421875 0.05859375 0.04765625
0 0.0296875 0.91328125 0.05859375 0.06875
0 0.0078125 0.89296875 0.015625 0.0390625
0 0.0203125 0.96875 0.040625 0.06171875
0 0.10625 0.8140625 0.0328125 0.0359375
0 0.06796875 0.82109375 0.0703125 0.0703125
0 0.01484375 0.81484375 0.0296875 0.08359375
0 0.0796875 0.75078125 0.075 0.0640625
0 0.0359375 0.778125 0.065625 0.06875
0 0.01796875 0.69921875 0.0359375 0.08515625
0 0.1640625 0.759375 0.08359375 0.0703125
0 0.17578125 0.6984375 0.0765625 0.06015625
0 0.19921875 0.65234375 0.06875 0.078125
0 0.16328125 0.61953125 0.05546875 0.06171875
0 0.1328125 0.59140625 0.0703125 0.078125
0 0.1015625 0.64296875 0.065625 0.06015625
0 0.07109375 0.68515625 0.0671875 0.0640625
0 0.0390625 0.5921875 0.078125 0.12578125
0 0.09375 0.51640625 0.11953125 0.09453125
0 0.015625 0.409375 0.03125 0.0375
0 0.1390625 0.43828125 0.05546875 0.0421875
0 0.01171875 0.51796875 0.02265625 0.0328125
0 0.18984375 0.50078125 0.0328125 0.034375
0 0.18671875 0.4609375 0.040625 0.0421875
0 0.23046875 0.4640625 0.05546875 0.04609375
0 0.16875 0.4140625 0.05078125 0.05078125
0 0.20703125 0.39375 0.05078125 0.05234375
0 0.2546875 0.3625 0.05546875 0.05546875
0 0.28515625 0.38125 0.04375 0.06015625
0 0.2453125 0.434375 0.06171875 0.04609375
0 0.25078125 0.4046875 0.04375 0.0375
0 0.18515625 0.346875 0.0796875 0.08671875
0 0.0359375 0.35546875 0.065625 0.0671875
0 0.1265625 0.30234375 0.0765625 0.09765625
0 0.03984375 0.2390625 0.05078125 0.06015625
0 0.0921875 0.2578125 0.0640625 0.05859375
0 0.2359375 0.25703125 0.03125 0.034375
0 0.25 0.23203125 0.0421875 0.05546875
0 0.28046875 0.228125 0.0671875 0.0640625
0 0.33125 0.16640625 0.0375 0.0421875
0 0.36484375 0.171875 0.1453125 0.13046875
0 0.39296875 0.01484375 0.0375 0.0296875
0 0.29375 0.10859375 0.075 0.0734375
0 0.29765625 0.0265625 0.1265625 0.053125
0 0.19765625 0.08359375 0.08828125 0.09140625
0 0.134375 0.06953125 0.05546875 0.04765625
0 0.18203125 0.03125 0.1 0.06171875
0 0.01796875 0.01875 0.0359375 0.0375
0 0.0078125 0.10859375 0.015625 0.0453125
0 0.05546875 0.053125 0.1078125 0.10625
0 0.0609375 0.17421875 0.05078125 0.0703125
0 0.13046875 0.20859375 0.05546875 0.05078125
0 0.1546875 0.1703125 0.05703125 0.065625
0 0.203125 0.13515625 0.0375 0.0375
0 0.1359375 0.1203125 0.05234375 0.05703125
0 0.08671875 0.12421875 0.09140625 0.075
0 0.10234375 0.1921875 0.0375 0.05078125
0 0.32734375 0.07109375 0.02109375 0.02421875
0 0.26171875 0.075 0.02265625 0.02578125
0 0.01953125 0.196875 0.0390625 0.05390625
0 0.475 0.8265625 0.04375 0.0421875
0 0.728125 0.81015625 0.05078125 0.065625