0 0.184375 0.9328125 0.05 0.05859375
0 0.03125 0.74765625 0.06171875 0.065625
0 0.0640625 0.78125 0.0359375 0.02578125
0 0.05859375 0.81015625 0.04453125 0.03984375
0 0.10625 0.825 0.0375 0.0484375
0 0.13515625 0.82734375 0.04296875 0.053125
0 0.07109375 0.73984375 0.0359375 0.04609375
0 0.09140625 0.75703125 0.04140625 0.04609375
0 0.12109375 0.7734375 0.05703125 0.0546875
0 0.04375 0.67109375 0.0875 0.08046875
0 0.14765625 0.66640625 0.04140625 0.034375
0 0.17421875 0.72265625 0.05 0.03984375
0 0.15 0.7 0.04609375 0.03984375
0 0.1640625 0.7609375 0.05 0.05859375
0 0.05078125 0.459375 0.03984375 0.03984375
0 0.06171875 0.4109375 0.0546875 0.0484375
0 0.1875 0.803125 0.0484375 0.03984375
0 0.18203125 0.83671875 0.034375 0.034375
0 0.10078125 0.96484375 0.0359375 0.03984375
0 0.27578125 0.684375 0.0328125 0.03984375
0 0.4421875 0.25859375 0.06015625 0.06015625
0 0.2828125 0.53671875 0.0359375 0.03984375
0 0.325 0.5078125 0.04453125 0.05
0 0.35546875 0.46640625 0.0484375 0.04609375
0 0.296875 0.97578125 0.065625 0.0484375
0 0.2921875 0.93046875 0.04453125 0.0359375
0 0.28671875 0.86796875 0.09609375 0.0828125
0 0.33125 0.8328125 0.0546875 0.053125
0 0.3609375 0.98828125 0.06875 0.0234375
0 0.4640625 0.98515625 0.04140625 0.02890625
0 0.42734375 0.99453125 0.04609375 0.01015625
0 0.47578125 0.94140625 0.06171875 0.05859375
0 0.403125 0.94296875 0.06328125 0.06875
0 0.24140625 0.7421875 0.084375 0.07890625
0 0.22578125 0.78125 0.06328125 0.04609375
0 0.309375 0.76484375 0.0890625 0.103125
0 0.39609375 0.84453125 0.0875 0.11171875
0 0.33515625 0.9328125 0.05859375 0.0546875
0 0.32734375 0.95703125 0.03984375 0.04140625
0 0.53515625 0.9171875 0.053125 0.05859375
0 0.4640625 0.8640625 0.07890625 0.0828125
0 0.58515625 0.86796875 0.1015625 0.09609375
0 0.53359375 0.8 0.053125 0.053125
0 0.45546875 0.8046875 0.04140625 0.05
0 0.4765625 0.79609375 0.06328125 0.04609375
0 0.403125 0.74140625 0.084375 0.09765625
0 0.471875 0.73984375 0.0875 0.09453125
0 0.65859375 0.7875 0.07421875 0.10859375
0 0.57890625 0.7703125 0.11015625 0.12578125
0 0.35234375 0.6953125 0.09296875 0.0671875
0 0.41328125 0.68125 0.03984375 0.05
0 0.3859375 0.58984375 0.084375 0.09765625
0 0.315625 0.615625 0.1046875 0.09765625
0 0.25625 0.25546875 0.02734375 0.02578125
0 0.4703125 0.475 0.07734375 0.07421875
0 0.415625 0.47265625 0.0890625 0.1
0 0.37265625 0.5125 0.0484375 0.04609375
0 0.3546875 0.53828125 0.053125 0.04609375
0 0.4453125 0.52734375 0.0484375 0.0484375
0 0.4640625 0.63828125 0.1234375 0.1046875
0 0.52578125 0.703125 0.071875 0.07578125
0 0.6140625 0.675 0.11484375 0.11328125
0 0.5671875 0.62109375 0.065625 0.06015625
0 0.553125 0.53515625 0.09296875 0.11875
0 0.6125 0.49921875 0.053125 0.07421875
0 0.490625 0.57578125 0.06328125 0.06171875
0 0.47265625 0.39296875 0.05859375 0.07734375
0 0.415625 0.35234375 0.05859375 0.071875
0 0.45859375 0.34453125 0.06171875 0.06015625
0 0.58125 0.2640625 0.04609375 0.04609375
0 0.596875 0.2984375 0.04609375 0.04296875
0 0.5671875 0.2875 0.0375 0.0359375
0 0.5296875 0.34609375 0.12890625 0.15625
0 0.6328125 0.3125 0.053125 0.0484375
0 0.640625 0.35 0.071875 0.05703125
0 0.66953125 0.3828125 0.03984375 0.0484375
0 0.571875 0.45078125 0.0546875 0.053125
0 0.58984375 0.4171875 0.0359375 0.04140625
0 0.60703125 0.38046875 0.07421875 0.053125
0 0.63046875 0.41640625 0.0546875 0.05
0 0.6796875 0.4171875 0.07421875 0.0484375
0 0.64765625 0.47421875 0.0546875 0.06171875
0 0.68359375 0.45859375 0.05859375 0.04453125
0 0.71015625 0.47890625 0.06015625 0.05
0 0.6359375 0.525 0.0484375 0.05
0 0.6328125 0.57734375 0.0671875 0.065625
0 0.66484375 0.5640625 0.04140625 0.05703125
0 0.67109375 0.51640625 0.04296875 0.03984375
0 0.69296875 0.528125 0.04609375 0.07421875
0 0.7359375 0.54140625 0.05703125 0.071875
0 0.7875 0.5453125 0.05703125 0.06328125
0 0.70703125 0.5890625 0.0359375 0.04453125
0 0.696875 0.62109375 0.053125 0.053125
0 0.74765625 0.62734375 0.04453125 0.04140625
0 0.77109375 0.58671875 0.034375 0.03984375
0 0.7078125 0.665625 0.06875 0.04296875
0 0.715625 0.7171875 0.10859375 0.09765625
0 0.7390625 0.5921875 0.034375 0.03984375
0 0.77578125 0.825 0.1390625 0.103125
0 0.79609375 0.90546875 0.16015625 0.09296875
0 0.81484375 0.9703125 0.1640625 0.059375
0 0.7390625 0.9578125 0.06171875 0.05
0 0.97109375 0.928125 0.0578125 0.071875
0 0.99453125 0.90546875 0.01015625 0.04140625
0 0.98125 0.9765625 0.0375 0.04609375
0 0.89375 0.82265625 0.034375 0.0375
0 0.93359375 0.83046875 0.07421875 0.07421875
0 0.98671875 0.825 0.0265625 0.0875
0 0.92109375 0.75703125 0.07890625 0.0671875
0 0.96640625 0.78515625 0.0671875 0.071875
0 0.98359375 0.703125 0.0328125 0.0890625
0 0.8328125 0.765625 0.0875 0.07421875
0 0.8203125 0.7015625 0.08046875 0.06328125
0 0.7953125 0.653125 0.071875 0.0828125
0 0.83359375 0.61875 0.05859375 0.065625
0 0.86484375 0.5890625 0.07421875 0.0828125
0 0.8984375 0.64375 0.06875 0.06328125
0 0.93046875 0.68828125 0.0703125 0.0671875
0 0.9609375 0.590625 0.078125 0.13125
0 0.90625 0.51015625 0.12578125 0.1
0 0.9859375 0.39765625 0.02734375 0.03984375
0 0.859375 0.428125 0.05859375 0.04453125
0 0.990625 0.51171875 0.01875 0.034375
0 0.80546875 0.49375 0.034375 0.0359375
0 0.80859375 0.4515625 0.04296875 0.04453125
0 0.7625 0.45546875 0.05859375 0.0484375
0 0.82734375 0.403125 0.053125 0.053125
0 0.7875 0.38125 0.053125 0.0546875
0 0.7375 0.3484375 0.05859375 0.05859375
0 0.70546875 0.36875 0.04609375 0.06328125
0 0.74765625 0.42421875 0.065625 0.0484375
0 0.74140625 0.39296875 0.04609375 0.03984375
0 0.81015625 0.3328125 0.084375 0.09140625
0 0.96640625 0.34140625 0.0671875 0.0703125
0 0.871875 0.28515625 0.08046875 0.103125
0 0.96328125 0.21875 0.053125 0.06328125
0 0.9078125 0.2390625 0.0671875 0.06171875
0 0.75703125 0.23828125 0.0328125 0.0359375
0 0.7421875 0.21171875 0.04453125 0.05859375
0 0.71015625 0.20703125 0.0703125 0.0671875
0 0.65703125 0.14296875 0.03984375 0.04453125
0 0.62109375 0.14765625 0.153125 0.1375
0 0.69609375 0.08125 0.07890625 0.07734375
0 0.6921875 0.01171875 0.13125 0.0234375
0 0.796875 0.0546875 0.09296875 0.09609375
0 0.8640625 0.040625 0.05859375 0.05
0 0.81328125 0.01640625 0.1046875 0.0328125
0 0.99453125 0.08046875 0.01015625 0.0484375
0 0.94453125 0.040625 0.1109375 0.078125
0 0.940625 0.15 0.053125 0.07421875
0 0.86796875 0.18671875 0.05859375 0.053125
0 0.84296875 0.14609375 0.06015625 0.06875
0 0.79140625 0.109375 0.03984375 0.03984375
0 0.8625 0.09375 0.0546875 0.06015625
0 0.9140625 0.09765625 0.09609375 0.07890625
0 0.89765625 0.16953125 0.03984375 0.053125
0 0.6609375 0.0421875 0.02265625 0.02578125
0 0.73046875 0.04609375 0.02421875 0.02734375
0 0.98203125 0.17421875 0.0359375 0.05703125
0 0.50625 0.83671875 0.04609375 0.04453125
0 0.23984375 0.81953125 0.053125 0.06875