0 0.928125 0.984375 0.04140625 0.03125
0 0.74765625 0.80859375 0.06171875 0.05703125
0 0.8078125 0.75703125 0.05859375 0.053125
0 0.82578125 0.61953125 0.03984375 0.03984375
0 0.73515625 0.66171875 0.0546875 0.04453125
0 0.65625 0.7203125 0.0484375 0.04140625
0 0.81796875 0.496875 0.0890625 0.0828125
0 0.9234375 0.18125 0.053125 0.04609375
0 0.83828125 0.19765625 0.034375 0.0375
0 0.921875 0.22421875 0.053125 0.02890625
0 0.696875 0.284375 0.06328125 0.03984375
0 0.6171875 0.25625 0.03125 0.034375
0 0.546875 0.259375 0.053125 0.0375
0 0.46484375 0.31640625 0.04296875 0.034375
0 0.46875 0.3765625 0.0484375 0.03125
0 0.415625 0.4328125 0.065625 0.0484375
0 0.484375 0.54296875 0.04453125 0.034375
0 0.44765625 0.58828125 0.05703125 0.04609375
0 0.5125 0.63828125 0.06328125 0.07421875
0 0.46484375 0.65234375 0.053125 0.04609375
0 0.5328125 0.7203125 0.0375 0.0375
0 0.7625 0.41953125 0.034375 0.03125
0 0.75 0.39921875 0.06328125 0.0328125
0 0.715625 0.47890625 0.06328125 0.053125
0 0.70078125 0.4390625 0.04140625 0.04609375
0 0.9171875 0.04140625 0.04453125 0.04140625
0 0.8375 0.0171875 0.05 0.034375
0 0.67578125 0.0609375 0.053125 0.04609375
0 0.72265625 0.0046875 0.0609375 0.009375
0 0.62109375 0.0140625 0.06015625 0.02734375
0 0.5234375 0.01875 0.07421875 0.0375
0 0.49140625 0.03828125 0.0546875 0.0765625
0 0.38984375 0.0140625 0.06875 0.02734375
0 0.39609375 0.06015625 0.09765625 0.065625
0 0.29453125 0.0578125 0.0875 0.0875
0 0.18203125 0.04609375 0.0890625 0.0921875
0 0.24765625 0.0234375 0.09609375 0.04609375
0 0.115625 0.16171875 0.053125 0.065625
0 0.32109375 0.1921875 0.04453125 0.0546875
0 0.4375 0.12734375 0.04609375 0.0484375
0 0.4078125 0.10625 0.04296875 0.04453125
0 0.3890625 0.85390625 0.05 0.04453125
0 0.36328125 0.83671875 0.04296875 0.0484375
0 0.36328125 0.98984375 0.06328125 0.0203125
0 0.021875 0.93828125 0.04375 0.0796875
0 0.05859375 0.98828125 0.0765625 0.0234375
0 0.05390625 0.95078125 0.07734375 0.0703125
0 0.1703125 0.99140625 0.06171875 0.0171875
0 0.13046875 0.96875 0.103125 0.06171875
0 0.2203125 0.98046875 0.071875 0.0390625
0 0.33359375 0.97421875 0.06875 0.0515625
0 0.30546875 0.95625 0.0546875 0.05
0 0.275 0.96640625 0.071875 0.05703125
0 0.22421875 0.95 0.05703125 0.04453125
0 0.309375 0.87734375 0.1234375 0.12890625
0 0.25390625 0.91953125 0.07578125 0.06875
0 0.1875 0.9 0.103125 0.07578125
0 0.13671875 0.91484375 0.05 0.053125
0 0.28828125 0.79609375 0.065625 0.09140625
0 0.23359375 0.80703125 0.07890625 0.06015625
0 0.2640625 0.75234375 0.1046875 0.06875
0 0.1875 0.740625 0.071875 0.09609375
0 0.253125 0.70390625 0.09140625 0.0703125
0 0.1859375 0.67734375 0.07890625 0.06875
0 0.21484375 0.646875 0.09296875 0.07421875
0 0.2515625 0.6 0.07734375 0.06875
0 0.15703125 0.7765625 0.084375 0.065625
0 0.13984375 0.8328125 0.0703125 0.07421875
0 0.0859375 0.81875 0.05859375 0.0703125
0 0.08828125 0.765625 0.0671875 0.06015625
0 0.1359375 0.69296875 0.071875 0.053125
0 0.1453125 0.62265625 0.09140625 0.084375
0 0.09453125 0.64140625 0.0828125 0.1046875
0 0.025 0.65625 0.05 0.05859375
0 0.04921875 0.7328125 0.09765625 0.05703125
0 0.021875 0.8703125 0.04375 0.09375
0 0.02578125 0.796875 0.0515625 0.065625
0 0.00703125 0.72109375 0.0140625 0.09765625
0 0.01875 0.615625 0.0375 0.053125
0 0.115625 0.56015625 0.0703125 0.103125
0 0.0640625 0.5953125 0.053125 0.07734375
0 0.05703125 0.51953125 0.09609375 0.09453125
0 0.01015625 0.496875 0.0203125 0.07578125
0 0.00703125 0.44296875 0.0140625 0.103125
0 0.22421875 0.36796875 0.09140625 0.07578125
0 0.2140625 0.5421875 0.0875 0.07734375
0 0.2 0.48828125 0.07734375 0.07578125
0 0.13203125 0.4828125 0.06875 0.07890625
0 0.16015625 0.4515625 0.103125 0.06875
0 0.19140625 0.4359375 0.1046875 0.04296875
0 0.16875 0.3890625 0.071875 0.09453125
0 0.128125 0.365625 0.06328125 0.05859375
0 0.17421875 0.32734375 0.09765625 0.06015625
0 0.18046875 0.29296875 0.11015625 0.06328125
0 0.1578125 0.2515625 0.09609375 0.053125
0 0.24140625 0.24453125 0.1046875 0.04609375
0 0.1703125 0.18359375 0.065625 0.12734375
0 0.2703125 0.18359375 0.053125 0.09296875
0 0.22890625 0.21640625 0.06171875 0.05859375
0 0.22578125 0.1640625 0.1015625 0.1046875
0 0.25859375 0.1046875 0.07421875 0.1234375
0 0.18984375 0.11015625 0.09453125 0.0890625
0 0.10078125 0.87890625 0.06328125 0.09765625