0 0.80859375 0.9625 0.0796875 0.0578125
0 0.70859375 0.92890625 0.0859375 0.0671875
0 0.64453125 0.9671875 0.09296875 0.065625
0 0.40546875 0.9859375 0.1453125 0.028125
0 0.5625 0.85703125 0.07734375 0.06953125
0 0.5015625 0.85 0.0640625 0.040625
0 0.6171875 0.878125 0.0453125 0.03046875
0 0.71875 0.8265625 0.0796875 0.0859375
0 0.821875 0.82265625 0.06953125 0.0578125
0 0.64375 0.74296875 0.0578125 0.04765625
0 0.59765625 0.7328125 0.05390625 0.04765625
0 0.71875 0.73671875 0.07265625 0.07421875
0 0.778125 0.6765625 0.05234375 0.0453125
0 0.8390625 0.68671875 0.05234375 0.05234375
0 0.790625 0.634375 0.0578125 0.04921875
0 0.80234375 0.58984375 0.04765625 0.0578125
0 0.8609375 0.56015625 0.07578125 0.0625
0 0.9234375 0.57734375 0.0625 0.0671875
0 0.81015625 0.52734375 0.0453125 0.08125
0 0.759375 0.51796875 0.04921875 0.05234375
0 0.709375 0.5140625 0.0671875 0.0453125
0 0.6359375 0.54375 0.0453125 0.0671875
0 0.821875 0.465625 0.0390625 0.05234375
0 0.821875 0.4234375 0.04921875 0.0421875
0 0.8203125 0.38125 0.0453125 0.059375
0 0.78125 0.36640625 0.04921875 0.0609375
0 0.74375 0.36171875 0.0390625 0.04375
0 0.68828125 0.35390625 0.0859375 0.04921875
0 0.6921875 0.3046875 0.07421875 0.059375
0 0.815625 0.21171875 0.08125 0.0796875
0 0.89296875 0.18046875 0.08984375 0.1015625
0 0.95234375 0.10859375 0.0578125 0.0828125
0 0.98828125 0.1015625 0.0234375 0.0875
0 0.84765625 0.06640625 0.04375 0.07265625
0 0.7359375 0.096875 0.0796875 0.059375
0 0.70390625 0.0171875 0.05234375 0.03359375
0 0.63515625 0.053125 0.0578125 0.0453125
0 0.5796875 0.0765625 0.04375 0.0453125
0 0.4984375 0.17890625 0.04375 0.05390625
0 0.40703125 0.08515625 0.0609375 0.05546875
0 0.35703125 0.3578125 0.05546875 0.04765625
0 0.39140625 0.44609375 0.05546875 0.040625
0 0.32109375 0.4984375 0.0609375 0.0578125
0 0.2421875 0.4796875 0.07265625 0.0578125
0 0.2328125 0.37109375 0.04765625 0.0625
0 0.2921875 0.33515625 0.07109375 0.0453125
0 0.3375 0.071875 0.040625 0.04921875
0 0.2671875 0.034375 0.07109375 0.05234375
0 0.3109375 0.0109375 0.07109375 0.021875
0 0.084375 0.03515625 0.065625 0.0703125
0 0.03203125 0.0203125 0.0640625 0.040625
0 0.00703125 0.3484375 0.01328125 0.0390625
0 0.12734375 0.646875 0.05546875 0.04765625
0 0.115625 0.6203125 0.0453125 0.040625
0 0.3015625 0.646875 0.0828125 0.07109375
0 0.3828125 0.65859375 0.04921875 0.07109375
0 0.43125 0.67734375 0.0421875 0.04375
0 0.46875 0.6828125 0.04921875 0.040625
0 0.35078125 0.79140625 0.0390625 0.02890625
0 0.30390625 0.77734375 0.0609375 0.04375
0 0.23984375 0.76484375 0.07734375 0.0875
0 0.08671875 0.753125 0.05234375 0.04375
0 0.31171875 0.84453125 0.09609375 0.1046875
0 0.2546875 0.9453125 0.0609375 0.04921875
0 0.2140625 0.92265625 0.03515625 0.03046875
0 0.21484375 0.871875 0.040625 0.04375
0 0.13984375 0.784375 0.04375 0.0453125
0 0.18359375 0.7390625 0.0390625 0.02890625
0 0.19453125 0.6484375 0.05390625 0.04375
0 0.12734375 0.82734375 0.0453125 0.0375
0 0.12109375 0.85859375 0.0390625 0.03515625
0 0.09375 0.8828125 0.05234375 0.05234375
0 0.04921875 0.86796875 0.0578125 0.0609375
0 0.08046875 0.9859375 0.0640625 0.028125
0 0.03046875 0.9890625 0.0578125 0.021875