0 0.934375 0.021875 0.09765625 0.04296875
0 0.98203125 0.08125 0.0359375 0.065625
0 0.93671875 0.07578125 0.06640625 0.06484375
0 0.98203125 0.15 0.0359375 0.08125
0 0.95078125 0.1671875 0.0515625 0.0515625
0 0.890625 0.175 0.03984375 0.04140625
0 0.86796875 0.10390625 0.08125 0.1015625
0 0.84140625 0.16328125 0.04140625 0.03515625
0 0.9875 0.20703125 0.025 0.0546875
0 0.959375 0.23671875 0.03828125 0.0578125
0 0.92890625 0.25078125 0.06015625 0.06640625
0 0.9640625 0.29140625 0.07109375 0.075
0 0.884375 0.2515625 0.0484375 0.075
0 0.9828125 0.3359375 0.034375 0.04375
0 0.990625 0.35625 0.01796875 0.0484375
0 0.95 0.36796875 0.05625 0.0484375
0 0.99296875 0.39765625 0.01328125 0.0484375
0 0.98515625 0.48125 0.0296875 0.0546875
0 0.94296875 0.42890625 0.075 0.0734375
0 0.94140625 0.49140625 0.0578125 0.05625
0 0.98359375 0.6609375 0.0328125 0.06875
0 0.978125 0.871875 0.04296875 0.08984375
0 0.959375 0.890625 0.078125 0.08984375
0 0.878125 0.878125 0.06171875 0.06171875
0 0.82421875 0.89609375 0.06328125 0.06171875
0 0.775 0.90859375 0.0484375 0.053125
0 0.740625 0.9125 0.06015625 0.0515625
0 0.6984375 0.9125 0.03515625 0.03828125
0 0.65078125 0.9328125 0.05625 0.07109375
0 0.6109375 0.91328125 0.04296875 0.05625
0 0.56171875 0.91796875 0.0796875 0.07109375
0 0.55 0.97734375 0.053125 0.04453125
0 0.60546875 0.97890625 0.084375 0.04140625
0 0.53984375 0.85 0.0734375 0.08125
0 0.58046875 0.8203125 0.078125 0.08671875
0 0.56328125 0.69765625 0.06328125 0.0734375
0 0.51171875 0.696875 0.06953125 0.08125
0 0.540625 0.61484375 0.08125 0.0765625
0 0.5765625 0.57734375 0.06640625 0.06171875
0 0.7375 0.53359375 0.0796875 0.0796875
0 0.678125 0.53046875 0.03984375 0.04140625
0 0.86953125 0.50234375 0.07109375 0.06484375
0 0.8015625 0.47265625 0.0484375 0.0546875
0 0.790625 0.2796875 0.06640625 0.07109375
0 0.8375 0.27109375 0.053125 0.05625
0 0.7671875 0.24453125 0.0296875 0.03671875
0 0.8203125 0.03359375 0.06953125 0.06640625
0 0.76796875 0.0078125 0.11796875 0.01484375
0 0.77734375 0.12890625 0.0296875 0.028125
0 0.59375 0.11640625 0.04453125 0.03984375
0 0.53984375 0.12265625 0.03984375 0.04296875
0 0.51484375 0.1421875 0.04296875 0.03828125
0 0.478125 0.18046875 0.03671875 0.0515625
0 0.5109375 0.1875 0.0484375 0.06640625
0 0.52890625 0.00703125 0.0515625 0.01328125
0 0.459375 0.01796875 0.075 0.0359375
0 0.3515625 0.01796875 0.065625 0.0359375
0 0.4109375 0.26015625 0.06796875 0.1046875
0 0.49453125 0.27265625 0.06484375 0.06328125
0 0.55546875 0.30703125 0.0484375 0.05625
0 0.5703125 0.246875 0.0515625 0.0484375
0 0.58984375 0.29921875 0.04296875 0.06015625
0 0.5015625 0.3890625 0.0296875 0.04296875
0 0.5109375 0.50390625 0.03515625 0.03828125
0 0.43984375 0.41875 0.06015625 0.08984375
0 0.3875 0.421875 0.06484375 0.0796875
0 0.3953125 0.47890625 0.06015625 0.0546875
0 0.41171875 0.53828125 0.03984375 0.046875
0 0.409375 0.578125 0.04140625 0.046875
0 0.43828125 0.59765625 0.03984375 0.05625
0 0.45 0.6953125 0.06015625 0.0578125
0 0.40390625 0.64453125 0.05625 0.0765625
0 0.3546875 0.65 0.0484375 0.0546875
0 0.31484375 0.62890625 0.0484375 0.075
0 0.259375 0.64140625 0.046875 0.05625
0 0.19765625 0.65546875 0.0734375 0.0484375
0 0.20546875 0.609375 0.084375 0.06015625
0 0.10390625 0.57109375 0.0515625 0.03984375
0 0.134375 0.5953125 0.06015625 0.0546875
0 0.12265625 0.6640625 0.06953125 0.05625
0 0.03671875 0.5859375 0.0734375 0.0546875
0 0.07734375 0.61640625 0.0515625 0.046875
0 0.0796875 0.64765625 0.04296875 0.053125
0 0.05234375 0.66953125 0.0484375 0.046875
0 0.0109375 0.65703125 0.021875 0.08125
0 0.02734375 0.7109375 0.0546875 0.0734375
0 0.0109375 0.73125 0.021875 0.06953125
0 0.053125 0.78046875 0.09296875 0.08671875
0 0.01953125 0.83828125 0.0390625 0.0484375
0 0.19296875 0.8328125 0.06953125 0.07109375
0 0.24609375 0.82109375 0.053125 0.0546875
0 0.3296875 0.82734375 0.06171875 0.06015625
0 0.4328125 0.7625 0.06484375 0.0765625
0 0.38125 0.790625 0.0546875 0.06328125
0 0.43515625 0.82109375 0.06328125 0.04453125
0 0.38515625 0.86484375 0.0796875 0.084375
0 0.4375 0.865625 0.0515625 0.04296875
0 0.4796875 0.9625 0.06015625 0.0578125
0 0.425 0.9625 0.0765625 0.07109375
0 0.38984375 0.98515625 0.075 0.0296875
0 0.4609375 0.99140625 0.078125 0.01640625
0 0.934375 0.6203125 0.028125 0.028125
0 0.92890625 0.54296875 0.0296875 0.03359375
0 0.98359375 0.60859375 0.0328125 0.0328125
0 0.93203125 0.590625 0.03359375 0.03125
0 0.9734375 0.53671875 0.03359375 0.03359375
0 0.98125 0.57890625 0.028125 0.025
0 0.98203125 0.55703125 0.0265625 0.028125
0 0.9546875 0.5625 0.028125 0.03125
0 0.959375 0.5859375 0.03125 0.03125
0 0.94765625 0.53671875 0.025 0.0296875
0 0.43828125 0.9 0.03984375 0.04296875
0 0.30234375 0.9890625 0.08984375 0.021875
0 0.15078125 0.98203125 0.0546875 0.0359375
0 0.11171875 0.9828125 0.0421875 0.034375
0 0.053125 0.97890625 0.0734375 0.04140625
0 0.015625 0.9203125 0.03125 0.0765625
0 0.0109375 0.9765625 0.021875 0.046875
0 0.0328125 0.45546875 0.065625 0.0609375
0 0.0375 0.37421875 0.03515625 0.03828125
0 0.0234375 0.2375 0.046875 0.0796875
0 0.053125 0.2046875 0.0734375 0.053125
0 0.0375 0.084375 0.075 0.06640625
0 0.03203125 0.03828125 0.0640625 0.0578125
0 0.03046875 0.01015625 0.0609375 0.0203125