0 0.19609375 0.0984375 0.0734375 0.053125
0 0.28828125 0.1296875 0.0796875 0.0625
0 0.34765625 0.0828125 0.0859375 0.084375
0 0.284375 0.03515625 0.0625 0.0703125
0 0.3703125 0.02421875 0.05 0.0484375
0 0.47421875 0.0171875 0.0453125 0.034375
0 0.56875 0.0453125 0.134375 0.090625
0 0.4234375 0.19609375 0.071875 0.0640625
0 0.4796875 0.203125 0.059375 0.0375
0 0.37265625 0.1765625 0.0421875 0.028125
0 0.27890625 0.22421875 0.0734375 0.0796875
0 0.18359375 0.228125 0.0640625 0.053125
0 0.3484375 0.3015625 0.053125 0.04375
0 0.390625 0.3109375 0.05 0.04375
0 0.27890625 0.3078125 0.0671875 0.06875
0 0.22421875 0.36328125 0.0484375 0.0421875
0 0.16796875 0.35390625 0.0484375 0.0484375
0 0.2125 0.40234375 0.053125 0.0453125
0 0.2015625 0.44375 0.04375 0.053125
0 0.14765625 0.47109375 0.0703125 0.0578125
0 0.08984375 0.4546875 0.0578125 0.0625
0 0.19453125 0.5015625 0.0421875 0.075
0 0.24140625 0.51015625 0.0453125 0.0484375
0 0.2875 0.51328125 0.0625 0.0421875
0 0.35546875 0.4859375 0.0421875 0.0625
0 0.18359375 0.55859375 0.0359375 0.0484375
0 0.18359375 0.59765625 0.0453125 0.0390625
0 0.18515625 0.63671875 0.0421875 0.0546875
0 0.22109375 0.65 0.0453125 0.05625
0 0.25546875 0.6546875 0.0359375 0.040625
0 0.30703125 0.66171875 0.0796875 0.0453125
0 0.303125 0.70703125 0.06875 0.0546875
0 0.1890625 0.79296875 0.075 0.0734375
0 0.11796875 0.821875 0.0828125 0.09375
0 0.0625 0.88828125 0.053125 0.0765625
0 0.0203125 0.8953125 0.040625 0.08125
0 0.159375 0.92734375 0.040625 0.0671875
0 0.26328125 0.89921875 0.0734375 0.0546875
0 0.29296875 0.978125 0.0484375 0.040625
0 0.35625 0.93984375 0.053125 0.0421875
0 0.4078125 0.91796875 0.040625 0.0421875
0 0.4828125 0.8234375 0.040625 0.05
0 0.5671875 0.91015625 0.05625 0.0515625
0 0.61328125 0.6578125 0.0515625 0.04375
0 0.58203125 0.5765625 0.0515625 0.0375
0 0.646875 0.528125 0.05625 0.053125
0 0.71953125 0.5453125 0.0671875 0.053125
0 0.728125 0.64609375 0.04375 0.0578125
0 0.6734375 0.67890625 0.065625 0.0421875
0 0.63125 0.92265625 0.0375 0.0453125
0 0.696875 0.95703125 0.065625 0.0484375
0 0.65625 0.984375 0.065625 0.03125
0 0.86640625 0.96015625 0.0609375 0.0703125
0 0.91953125 0.97578125 0.0703125 0.0484375
0 0.9734375 0.9734375 0.053125 0.053125
0 0.96953125 0.8234375 0.0609375 0.0375
0 0.99140625 0.76796875 0.0171875 0.0765625
0 0.94921875 0.66640625 0.0359375 0.0359375
0 0.98671875 0.6859375 0.0265625 0.03125
0 0.9796875 0.6390625 0.040625 0.040625
0 0.82578125 0.390625 0.0515625 0.04375
0 0.83671875 0.415625 0.0421875 0.0375
0 0.9828125 0.4265625 0.034375 0.090625
0 0.978125 0.33515625 0.04375 0.0578125
0 0.66484375 0.390625 0.0765625 0.065625
0 0.58984375 0.3796875 0.0453125 0.065625
0 0.54453125 0.3625 0.0390625 0.040625
0 0.51015625 0.3578125 0.0453125 0.0375
0 0.61953125 0.25703125 0.0359375 0.0265625
0 0.6625 0.2703125 0.05625 0.040625
0 0.721875 0.28125 0.071875 0.08125
0 0.86328125 0.2921875 0.0484375 0.040625
0 0.9703125 0.19921875 0.05625 0.0390625
0 0.65546875 0.2078125 0.0890625 0.096875
0 0.7078125 0.11484375 0.05625 0.0453125
0 0.74609375 0.1359375 0.0328125 0.028125
0 0.7453125 0.1828125 0.0375 0.040625
0 0.8140625 0.26328125 0.040625 0.0421875
0 0.77421875 0.30546875 0.0359375 0.0265625
0 0.7640625 0.3890625 0.05 0.040625
0 0.82578125 0.2234375 0.0421875 0.034375
0 0.83203125 0.19453125 0.0359375 0.0328125
0 0.85703125 0.17265625 0.0484375 0.0484375
0 0.8984375 0.1859375 0.053125 0.05625
0 0.8703125 0.0546875 0.059375 0.071875
0 0.915625 0.05390625 0.053125 0.0609375
0 0.9671875 0.01796875 0.040625 0.0359375