0 0.1828125 0.9921875 0.05 0.015625
0 0.09453125 0.928125 0.065625 0.06171875
0 0.45859375 0.9765625 0.10625 0.04609375
0 0.4203125 0.915625 0.1015625 0.10625
0 0.49140625 0.90859375 0.06875 0.0828125
0 0.4390625 0.8390625 0.0875 0.08046875
0 0.49140625 0.834375 0.065625 0.0875
0 0.53828125 0.821875 0.09765625 0.07421875
0 0.2421875 0.803125 0.09296875 0.1046875
0 0.0578125 0.66328125 0.06015625 0.0546875
0 0.1234375 0.69921875 0.071875 0.07890625
0 0.15703125 0.678125 0.0671875 0.07421875
0 0.2234375 0.7 0.06171875 0.053125
0 0.19921875 0.67109375 0.0484375 0.05
0 0.23828125 0.65859375 0.053125 0.05
0 0.16484375 0.62109375 0.065625 0.053125
0 0.115625 0.58671875 0.06015625 0.0671875
0 0.0578125 0.57734375 0.053125 0.05859375
0 0.11875 0.51875 0.07890625 0.0546875
0 0.19140625 0.5328125 0.0671875 0.06171875
0 0.26875 0.41484375 0.05 0.05
0 0.2296875 0.334375 0.0703125 0.07421875
0 0.16015625 0.309375 0.1 0.05859375
0 0.103125 0.26953125 0.07578125 0.071875
0 0.10859375 0.2125 0.06171875 0.053125
0 0.1359375 0.175 0.0546875 0.06171875
0 0.1828125 0.1359375 0.11875 0.11328125
0 0.0546875 0.11484375 0.09609375 0.09296875
0 0.45546875 0.109375 0.1171875 0.11171875
0 0.59296875 0.325 0.0828125 0.07578125
0 0.56796875 0.41015625 0.06015625 0.07734375
0 0.4390625 0.28359375 0.06328125 0.05859375
0 0.38984375 0.32421875 0.0890625 0.0703125
0 0.34609375 0.48125 0.0671875 0.0828125
0 0.37109375 0.503125 0.071875 0.0828125
0 0.41640625 0.5328125 0.053125 0.0546875
0 0.3046875 0.75625 0.10859375 0.071875
0 0.30078125 0.70859375 0.05859375 0.053125
0 0.37109375 0.7140625 0.0890625 0.07421875
0 0.4 0.759375 0.09609375 0.07578125
0 0.34453125 0.6671875 0.084375 0.07421875
0 0.36875 0.609375 0.0703125 0.08046875
0 0.44453125 0.65390625 0.05 0.053125
0 0.76484375 0.9328125 0.07578125 0.071875
0 0.83671875 0.93984375 0.065625 0.0546875
0 0.91171875 0.98359375 0.10859375 0.0328125
0 0.8109375 0.7953125 0.06875 0.065625
0 0.940625 0.77421875 0.06328125 0.07734375
0 0.72578125 0.82734375 0.06328125 0.07734375
0 0.665625 0.78203125 0.06015625 0.065625
0 0.72734375 0.76484375 0.0703125 0.06875
0 0.6828125 0.709375 0.07734375 0.103125
0 0.61171875 0.6734375 0.0890625 0.07578125
0 0.5703125 0.6328125 0.07890625 0.06328125
0 0.67265625 0.60703125 0.053125 0.0671875
0 0.63125 0.53359375 0.07421875 0.0875
0 0.6953125 0.4921875 0.06328125 0.053125
0 0.515625 0.51875 0.05859375 0.0546875
0 0.48984375 0.4875 0.04453125 0.0359375
0 0.5453125 0.61875 0.053125 0.06875
0 0.51015625 0.603125 0.05859375 0.06875
0 0.471875 0.57421875 0.0671875 0.05859375
0 0.4421875 0.65625 0.05703125 0.0546875
0 0.83046875 0.32734375 0.1046875 0.1015625
0 0.97421875 0.44765625 0.0515625 0.13203125
0 0.9359375 0.33515625 0.0875 0.0828125
0 0.95546875 0.2578125 0.071875 0.103125
0 0.9859375 0.33046875 0.02734375 0.0875
0 0.98515625 0.24921875 0.02890625 0.07578125
0 0.93046875 0.1328125 0.05 0.04609375
0 0.66171875 0.11484375 0.07890625 0.05859375
0 0.74921875 0.078125 0.103125 0.07421875
0 0.66328125 0.0671875 0.09609375 0.065625
0 0.65390625 0.0234375 0.13203125 0.04609375
0 0.74375 0.0359375 0.1 0.071875
0 0.80078125 0.03515625 0.0484375 0.0703125
0 0.846875 0.04453125 0.0828125 0.0890625
0 0.91953125 0.075 0.09609375 0.08046875
0 0.934375 0.01640625 0.103125 0.0328125
0 0.99296875 0.10859375 0.0140625 0.065625
0 0.975 0.059375 0.05 0.09765625
0 0.4296875 0.21171875 0.0828125 0.0890625
0 0.3484375 0.175 0.065625 0.07578125
0 0.01640625 0.83671875 0.0328125 0.07890625