0 0.0125 0.971875 0.02421875 0.05546875
0 0.06875 0.97734375 0.096875 0.0453125
0 0.0203125 0.915625 0.040625 0.0640625
0 0.0671875 0.92265625 0.065625 0.0640625
0 0.0203125 0.84921875 0.040625 0.0796875
0 0.053125 0.8328125 0.05078125 0.05078125
0 0.1125 0.82421875 0.0390625 0.040625
0 0.13515625 0.89453125 0.0796875 0.1
0 0.1609375 0.8359375 0.040625 0.034375
0 0.01484375 0.79296875 0.0296875 0.05390625
0 0.0453125 0.7640625 0.0375 0.05703125
0 0.075 0.75 0.05859375 0.065625
0 0.0375 0.71015625 0.075 0.0734375
0 0.11875 0.74921875 0.04765625 0.0734375
0 0.01953125 0.665625 0.0390625 0.04375
0 0.01171875 0.64609375 0.02265625 0.04765625
0 0.05390625 0.63515625 0.05546875 0.04765625
0 0.009375 0.60546875 0.01796875 0.04765625
0 0.0171875 0.5234375 0.034375 0.05390625
0 0.0609375 0.575 0.0734375 0.071875
0 0.06328125 0.51328125 0.05703125 0.05546875
0 0.01875 0.3453125 0.0375 0.0671875
0 0.0046875 0.30234375 0.009375 0.0734375
0 0.0234375 0.13984375 0.046875 0.0890625
0 0.0453125 0.12109375 0.0765625 0.08828125
0 0.125 0.1328125 0.06015625 0.06015625
0 0.178125 0.11484375 0.06171875 0.06015625
0 0.2265625 0.103125 0.04765625 0.05234375
0 0.26015625 0.09921875 0.05859375 0.05078125
0 0.3015625 0.09921875 0.034375 0.0375
0 0.34765625 0.07890625 0.05546875 0.0703125
0 0.3875 0.09765625 0.0421875 0.05546875
0 0.4359375 0.09375 0.078125 0.0703125
0 0.44765625 0.02890625 0.05234375 0.05703125
0 0.39296875 0.02734375 0.08359375 0.05390625
0 0.4578125 0.1609375 0.071875 0.0796875
0 0.4171875 0.18984375 0.0765625 0.08515625
0 0.434375 0.31015625 0.06171875 0.071875
0 0.48515625 0.3109375 0.06875 0.0796875
0 0.45703125 0.3921875 0.0796875 0.075
0 0.421875 0.42890625 0.065625 0.06015625
0 0.26328125 0.471875 0.078125 0.078125
0 0.321875 0.475 0.0390625 0.040625
0 0.1328125 0.50234375 0.0703125 0.0640625
0 0.2 0.53203125 0.04765625 0.05390625
0 0.2109375 0.72109375 0.065625 0.0703125
0 0.16484375 0.73046875 0.05234375 0.05546875
0 0.23359375 0.75625 0.0296875 0.0359375
0 0.18125 0.965625 0.06875 0.06875
0 0.2328125 0.990625 0.115625 0.01796875
0 0.22421875 0.8703125 0.0296875 0.028125
0 0.4046875 0.88203125 0.04375 0.0390625
0 0.4578125 0.87578125 0.0390625 0.0421875
0 0.48203125 0.85703125 0.0421875 0.0375
0 0.51796875 0.81953125 0.0359375 0.05078125
0 0.4859375 0.81171875 0.04765625 0.065625
0 0.4671875 0.9921875 0.05 0.015625
0 0.4203125 0.99453125 0.053125 0.0109375
0 0.53671875 0.98046875 0.0734375 0.0390625
0 0.64375 0.98046875 0.065625 0.0390625
0 0.584375 0.740625 0.0671875 0.103125
0 0.50234375 0.72890625 0.0640625 0.06171875
0 0.4421875 0.69453125 0.04765625 0.05546875
0 0.42734375 0.75390625 0.05078125 0.04765625
0 0.40859375 0.70234375 0.0421875 0.05859375
0 0.4953125 0.6140625 0.0296875 0.0421875
0 0.4859375 0.50078125 0.034375 0.0375
0 0.55546875 0.58515625 0.05859375 0.08828125
0 0.60703125 0.58203125 0.0640625 0.078125
0 0.6 0.525 0.05859375 0.05390625
0 0.58359375 0.4671875 0.0390625 0.04609375
0 0.5859375 0.428125 0.040625 0.04609375
0 0.55703125 0.40859375 0.0390625 0.05546875
0 0.54609375 0.31328125 0.05859375 0.05703125
0 0.59140625 0.3625 0.05546875 0.075
0 0.63984375 0.35703125 0.04765625 0.05390625
0 0.67890625 0.378125 0.04765625 0.0734375
0 0.73359375 0.365625 0.04609375 0.05546875
0 0.79375 0.35234375 0.071875 0.04765625
0 0.78671875 0.396875 0.08359375 0.05859375
0 0.88671875 0.434375 0.05078125 0.0390625
0 0.85625 0.4109375 0.05859375 0.05390625
0 0.86796875 0.34296875 0.06875 0.05546875
0 0.9578125 0.421875 0.084375 0.053125
0 0.9125 0.390625 0.05078125 0.04609375
0 0.91015625 0.359375 0.0421875 0.05234375
0 0.93671875 0.33828125 0.04765625 0.04609375
0 0.98359375 0.35078125 0.0328125 0.0796875
0 0.9625 0.29765625 0.05546875 0.071875
0 0.98359375 0.278125 0.0328125 0.06875
0 0.9359375 0.22890625 0.09140625 0.08515625
0 0.9703125 0.17265625 0.0390625 0.04765625
0 0.79921875 0.17734375 0.06875 0.0703125
0 0.746875 0.1890625 0.05234375 0.05390625
0 0.6640625 0.1828125 0.06015625 0.05859375
0 0.56328125 0.246875 0.0640625 0.075
0 0.61328125 0.21875 0.05390625 0.06171875
0 0.56015625 0.1890625 0.06171875 0.04375
0 0.609375 0.14609375 0.078125 0.08359375
0 0.5578125 0.1453125 0.05078125 0.0421875
0 0.51640625 0.05 0.05859375 0.05703125
0 0.5703125 0.05 0.075 0.0703125
0 0.60546875 0.02109375 0.0734375 0.0421875
0 0.53515625 0.01484375 0.0765625 0.0296875
0 0.06953125 0.38671875 0.028125 0.028125
0 0.075 0.4625 0.0296875 0.0328125
0 0.02109375 0.396875 0.0328125 0.0328125
0 0.071875 0.415625 0.0328125 0.03125
0 0.03125 0.46875 0.0328125 0.0328125
0 0.0234375 0.42734375 0.028125 0.02421875
0 0.02265625 0.4484375 0.02578125 0.028125
0 0.05 0.44375 0.028125 0.03125
0 0.0453125 0.42109375 0.03125 0.03125
0 0.05625 0.46875 0.02421875 0.0296875
0 0.55703125 0.1109375 0.0390625 0.0421875
0 0.69140625 0.0171875 0.08828125 0.034375
0 0.83984375 0.02421875 0.0546875 0.0484375
0 0.87890625 0.02578125 0.0421875 0.0390625
0 0.88671875 0.00859375 0.0453125 0.0171875
0 0.9359375 0.02734375 0.071875 0.05390625
0 0.97890625 0.09140625 0.0421875 0.075
0 0.98359375 0.0296875 0.0328125 0.05859375
0 0.9578125 0.5484375 0.065625 0.06015625
0 0.9515625 0.628125 0.034375 0.0375
0 0.97109375 0.76328125 0.05703125 0.078125
0 0.9359375 0.79609375 0.071875 0.05234375
0 0.95703125 0.9140625 0.0859375 0.065625
0 0.96328125 0.95859375 0.0734375 0.05703125
0 0.96484375 0.98828125 0.0703125 0.02265625