0 0.090625 0.984375 0.05 0.03125
0 0.0171875 0.91171875 0.034375 0.0625
0 0.36875 0.96875 0.10703125 0.0625
0 0.3296875 0.9 0.10234375 0.10703125
0 0.4015625 0.89296875 0.06953125 0.0828125
0 0.3484375 0.82265625 0.08828125 0.08125
0 0.4015625 0.8171875 0.065625 0.08828125
0 0.44921875 0.80546875 0.0984375 0.07421875
0 0.15078125 0.78671875 0.09375 0.10546875
0 0.03359375 0.68203125 0.0671875 0.0796875
0 0.06484375 0.66015625 0.0671875 0.07421875
0 0.13125 0.6828125 0.0625 0.05390625
0 0.10703125 0.653125 0.0484375 0.05
0 0.14609375 0.640625 0.05390625 0.05
0 0.07265625 0.603125 0.065625 0.05390625
0 0.0265625 0.56796875 0.053125 0.0671875
0 0.0328125 0.5 0.065625 0.05546875
0 0.09921875 0.5140625 0.0671875 0.0625
0 0.17734375 0.3953125 0.05 0.05
0 0.1375 0.3140625 0.07109375 0.07421875
0 0.0671875 0.2890625 0.1 0.05859375
0 0.02421875 0.24921875 0.0484375 0.07265625
0 0.0234375 0.19140625 0.046875 0.05390625
0 0.04296875 0.15390625 0.05546875 0.0625
0 0.090625 0.1140625 0.11953125 0.1140625
0 0.36484375 0.0875 0.11796875 0.1125
0 0.503125 0.3046875 0.0828125 0.07578125
0 0.478125 0.38984375 0.0609375 0.078125
0 0.3484375 0.26328125 0.0640625 0.05859375
0 0.29921875 0.30390625 0.08984375 0.07109375
0 0.25546875 0.46171875 0.0671875 0.0828125
0 0.28046875 0.484375 0.07265625 0.0828125
0 0.32578125 0.5140625 0.05390625 0.05546875
0 0.21328125 0.7390625 0.109375 0.07265625
0 0.209375 0.69140625 0.05859375 0.05390625
0 0.28046875 0.69609375 0.08984375 0.07421875
0 0.309375 0.7421875 0.096875 0.07578125
0 0.253125 0.65 0.08515625 0.07421875
0 0.27734375 0.590625 0.07109375 0.08125
0 0.35390625 0.6359375 0.05 0.05390625
0 0.6765625 0.9171875 0.07578125 0.07265625
0 0.74921875 0.92421875 0.065625 0.05546875
0 0.82421875 0.97578125 0.109375 0.0484375
0 0.97890625 0.89296875 0.04140625 0.07578125
0 0.93828125 0.83515625 0.05390625 0.0984375
0 0.7234375 0.77890625 0.06953125 0.065625
0 0.978125 0.8234375 0.04296875 0.07578125
0 0.98671875 0.74296875 0.02578125 0.0953125
0 0.97890625 0.6515625 0.04140625 0.07421875
0 0.85390625 0.75703125 0.0640625 0.078125
0 0.6375 0.8109375 0.0640625 0.078125
0 0.57734375 0.76484375 0.0609375 0.065625
0 0.6390625 0.74765625 0.07109375 0.06953125
0 0.59453125 0.6921875 0.078125 0.10390625
0 0.52265625 0.65546875 0.08984375 0.07578125
0 0.48125 0.61484375 0.0796875 0.0640625
0 0.58359375 0.5890625 0.05390625 0.0671875
0 0.5421875 0.51484375 0.07421875 0.08828125
0 0.60625 0.4734375 0.0640625 0.05390625
0 0.42578125 0.5 0.05859375 0.05546875
0 0.4 0.46796875 0.0453125 0.03671875
0 0.45625 0.6 0.05390625 0.06953125
0 0.4203125 0.58515625 0.05859375 0.06953125
0 0.38125 0.55546875 0.0671875 0.05859375
0 0.35234375 0.63828125 0.05703125 0.05546875
0 0.74296875 0.30703125 0.10546875 0.10234375
0 0.98046875 0.5703125 0.0390625 0.090625
0 0.91328125 0.428125 0.10390625 0.13359375
0 0.8484375 0.31484375 0.08828125 0.0828125
0 0.97421875 0.47734375 0.0515625 0.08984375
0 0.9765625 0.3984375 0.046875 0.0953125
0 0.86875 0.23671875 0.07265625 0.10390625
0 0.940625 0.3109375 0.109375 0.08828125
0 0.928125 0.228125 0.08828125 0.07578125
0 0.84375 0.11171875 0.05 0.046875
0 0.57265625 0.09375 0.0796875 0.05859375
0 0.6609375 0.05625 0.10390625 0.07421875
0 0.57421875 0.0453125 0.096875 0.065625
0 0.56484375 0.0125 0.13359375 0.02421875
0 0.65546875 0.025 0.1 0.05
0 0.7125 0.02421875 0.0484375 0.0484375
0 0.759375 0.03359375 0.0828125 0.0671875
0 0.83203125 0.053125 0.096875 0.08125
0 0.84765625 0.00546875 0.10390625 0.01015625
0 0.978125 0.13828125 0.04296875 0.065625
0 0.934375 0.08671875 0.06953125 0.065625
0 0.90390625 0.04375 0.0828125 0.0875
0 0.9765625 0.08125 0.046875 0.08984375
0 0.9484375 0.01640625 0.103125 0.0328125
0 0.3390625 0.190625 0.0828125 0.08984375
0 0.2578125 0.15390625 0.065625 0.07578125