0 0.19140625 0.0921875 0.07421875 0.05390625
0 0.28515625 0.1234375 0.08125 0.06328125
0 0.3453125 0.0765625 0.0875 0.0859375
0 0.28125 0.03203125 0.06328125 0.06328125
0 0.3671875 0.0203125 0.05 0.040625
0 0.47265625 0.01328125 0.0453125 0.0265625
0 0.56953125 0.0421875 0.13671875 0.084375
0 0.421875 0.19140625 0.07265625 0.06484375
0 0.4796875 0.1984375 0.06015625 0.03828125
0 0.3703125 0.17109375 0.04296875 0.02890625
0 0.27578125 0.21953125 0.07421875 0.08125
0 0.17890625 0.2234375 0.06484375 0.05390625
0 0.34609375 0.2984375 0.05390625 0.04453125
0 0.3890625 0.3078125 0.05078125 0.04453125
0 0.27578125 0.3046875 0.06796875 0.06953125
0 0.21953125 0.3609375 0.04921875 0.04296875
0 0.1625 0.3515625 0.04921875 0.04921875
0 0.2078125 0.40078125 0.05390625 0.04609375
0 0.196875 0.44296875 0.04453125 0.05390625
0 0.1421875 0.4703125 0.07109375 0.05859375
0 0.08359375 0.45390625 0.05859375 0.06328125
0 0.18984375 0.5015625 0.04296875 0.0765625
0 0.2375 0.51015625 0.04609375 0.04921875
0 0.284375 0.51328125 0.06328125 0.04296875
0 0.353125 0.4859375 0.04296875 0.06328125
0 0.17890625 0.559375 0.03671875 0.04921875
0 0.17890625 0.59921875 0.04609375 0.03984375
0 0.18046875 0.6390625 0.04296875 0.05546875
0 0.21640625 0.65234375 0.04609375 0.05703125
0 0.2515625 0.65703125 0.03671875 0.04140625
0 0.30390625 0.6640625 0.08125 0.04609375
0 0.3 0.71015625 0.06953125 0.05546875
0 0.184375 0.79765625 0.0765625 0.07421875
0 0.11171875 0.82734375 0.084375 0.0953125
0 0.05546875 0.89453125 0.05390625 0.078125
0 0.01640625 0.90078125 0.0328125 0.0828125
0 0.15390625 0.934375 0.04140625 0.06796875
0 0.259375 0.90546875 0.07421875 0.05546875
0 0.2890625 0.98203125 0.05 0.0359375
0 0.35390625 0.946875 0.05390625 0.04296875
0 0.40625 0.92421875 0.04140625 0.04296875
0 0.4828125 0.82890625 0.04140625 0.05078125
0 0.56796875 0.91640625 0.05703125 0.05234375
0 0.61484375 0.66015625 0.05234375 0.04453125
0 0.58359375 0.578125 0.05234375 0.03828125
0 0.64921875 0.52890625 0.05703125 0.05390625
0 0.72265625 0.54609375 0.06796875 0.05390625
0 0.73203125 0.6484375 0.04453125 0.05859375
0 0.6765625 0.68203125 0.06640625 0.04296875
0 0.63359375 0.9296875 0.03828125 0.04609375
0 0.7 0.9640625 0.06640625 0.04921875
0 0.65859375 0.98828125 0.06640625 0.0234375
0 0.871875 0.965625 0.06171875 0.06796875
0 0.92578125 0.97890625 0.0703125 0.0421875
0 0.9765625 0.9765625 0.046875 0.046875
0 0.97265625 0.82890625 0.05390625 0.03828125
0 0.9953125 0.771875 0.009375 0.078125
0 0.95625 0.66875 0.03671875 0.03671875
0 0.990625 0.6890625 0.01875 0.03203125
0 0.9828125 0.640625 0.034375 0.040625
0 0.83125 0.3890625 0.05234375 0.04453125
0 0.8421875 0.4140625 0.04296875 0.03828125
0 0.9859375 0.42578125 0.028125 0.0921875
0 0.98125 0.33203125 0.0375 0.0578125
0 0.6671875 0.3890625 0.078125 0.06640625
0 0.59140625 0.378125 0.04609375 0.06640625
0 0.5453125 0.36015625 0.03984375 0.04140625
0 0.51015625 0.35546875 0.04609375 0.03828125
0 0.62109375 0.253125 0.03671875 0.02734375
0 0.66484375 0.26640625 0.05703125 0.04140625
0 0.72578125 0.278125 0.07265625 0.0828125
0 0.86875 0.2890625 0.04921875 0.04140625
0 0.97421875 0.19453125 0.05078125 0.03984375
0 0.6578125 0.203125 0.090625 0.0984375
0 0.7109375 0.10859375 0.05703125 0.04609375
0 0.75 0.13046875 0.03359375 0.02890625
0 0.74921875 0.178125 0.03828125 0.04140625
0 0.81875 0.259375 0.04140625 0.04296875
0 0.77890625 0.30234375 0.03671875 0.02734375
0 0.76796875 0.3875 0.05078125 0.04140625
0 0.83125 0.21875 0.04296875 0.03515625
0 0.8375 0.18984375 0.03671875 0.03359375
0 0.8625 0.1671875 0.04921875 0.04921875
0 0.9046875 0.18125 0.05390625 0.05703125
0 0.8765625 0.04765625 0.06015625 0.07265625
0 0.921875 0.046875 0.05390625 0.06171875
0 0.9734375 0.0140625 0.040625 0.028125