0 0.53125 0.9625 0.08671875 0.07421875
0 0.303125 0.765625 0.115625 0.14375
0 0.44921875 0.7 0.09140625 0.078125
0 0.5125 0.60859375 0.06953125 0.11171875
0 0.59609375 0.609375 0.04921875 0.05234375
0 0.6484375 0.6625 0.0625 0.0578125
0 0.74140625 0.65078125 0.07265625 0.078125
0 0.9859375 0.67890625 0.028125 0.1015625
0 0.56796875 0.52578125 0.05390625 0.0640625
0 0.61640625 0.5265625 0.0421875 0.0625
0 0.66640625 0.5828125 0.06796875 0.08125
0 0.60703125 0.45390625 0.05390625 0.07109375
0 0.6578125 0.45546875 0.05390625 0.0765625
0 0.7125 0.48203125 0.06640625 0.103125
0 0.29140625 0.315625 0.07421875 0.07109375
0 0.209375 0.24765625 0.11328125 0.10546875
0 0.0515625 0.021875 0.08671875 0.04375
0 0.36875 0.00859375 0.08671875 0.0171875
0 0.7203125 0.07734375 0.07109375 0.059375
0 0.85078125 0.128125 0.06796875 0.08671875
0 0.94296875 0.22734375 0.07265625 0.078125
0 0.93671875 0.1265625 0.07265625 0.08671875
0 0.9078125 0.009375 0.06953125 0.01875
0 0.9859375 0.0671875 0.028125 0.071875
0 0.9828125 0.0171875 0.03359375 0.03359375