0 0.5890625 0.928125 0.13984375 0.14296875
0 0.93203125 0.96484375 0.1171875 0.0703125
0 0.87890625 0.91640625 0.14609375 0.13828125
0 0.94765625 0.82109375 0.1046875 0.1015625
0 0.7671875 0.73828125 0.14765625 0.15078125
0 0.85390625 0.834375 0.115625 0.08984375
0 0.41328125 0.79375 0.0609375 0.07265625
0 0.3578125 0.809375 0.0625 0.08828125
0 0.33984375 0.74453125 0.12734375 0.07109375
0 0.09375 0.90546875 0.171875 0.15078125
0 0.928125 0.71484375 0.14296875 0.1625
0 0.884375 0.72109375 0.15078125 0.15625
0 0.828125 0.6140625 0.07421875 0.08359375
0 0.91640625 0.6265625 0.12890625 0.1171875
0 0.8921875 0.54765625 0.115625 0.09140625
0 0.8609375 0.44140625 0.1109375 0.08515625
0 0.97109375 0.55703125 0.0578125 0.08515625
0 0.890625 0.4921875 0.109375 0.0453125
0 0.94921875 0.46796875 0.1015625 0.14140625
0 0.90859375 0.39296875 0.1546875 0.13046875
0 0.9421875 0.34453125 0.115625 0.165625
0 0.965625 0.1265625 0.06875 0.09140625
0 0.94609375 0.05 0.1078125 0.1
0 0.9140625 0.16953125 0.0625 0.059375
0 0.8796875 0.08828125 0.09609375 0.0546875
0 0.8203125 0.234375 0.115625 0.0640625
0 0.85625 0.17578125 0.08515625 0.065625
0 0.83515625 0.12421875 0.07578125 0.06875
0 0.778125 0.146875 0.08359375 0.13359375
0 0.709375 0.20234375 0.07734375 0.0609375
0 0.75234375 0.1890625 0.0546875 0.0625
0 0.709375 0.13984375 0.08671875 0.0640625
0 0.4515625 0.48828125 0.13828125 0.1140625
0 0.40390625 0.45625 0.109375 0.10625
0 0.31015625 0.4921875 0.12890625 0.09296875
0 0.29609375 0.4078125 0.13515625 0.1234375
0 0.37890625 0.4078125 0.07890625 0.08828125
0 0.509375 0.4015625 0.10625 0.07421875
0 0.63984375 0.334375 0.09609375 0.0671875
0 0.75 0.2625 0.046875 0.0625
0 0.684375 0.25390625 0.14296875 0.1796875
0 0.5828125 0.253125 0.12734375 0.13046875
0 0.56875 0.1796875 0.13203125 0.13828125
0 0.50703125 0.18984375 0.07265625 0.08984375
0 0.4765625 0.17109375 0.07578125 0.07265625
0 0.56484375 0.3359375 0.1109375 0.103125
0 0.49609375 0.35234375 0.09453125 0.07109375
0 0.4703125 0.2953125 0.1078125 0.1140625
0 0.2546875 0.3453125 0.13046875 0.08984375
0 0.2265625 0.2875 0.0609375 0.08359375
0 0.28671875 0.28203125 0.07578125 0.08203125
0 0.2453125 0.221875 0.07578125 0.07734375
0 0.33203125 0.15234375 0.159375 0.14140625
0 0.48671875 0.1015625 0.1234375 0.10625
0 0.2453125 0.14609375 0.059375 0.115625
0 0.1875 0.1453125 0.08515625 0.1078125
0 0.15859375 0.66171875 0.09453125 0.1015625
0 0.0765625 0.65234375 0.059375 0.07421875
0 0.02109375 0.69453125 0.0421875 0.0546875
0 0.0140625 0.59140625 0.028125 0.0640625
0 0.16171875 0.528125 0.08203125 0.1140625
0 0.08515625 0.54375 0.08984375 0.15078125
0 0.20546875 0.6 0.07734375 0.13515625
0 0.18515625 0.49296875 0.0546875 0.0625
0 0.04375 0.36796875 0.08671875 0.09296875
0 0.04453125 0.48125 0.08828125 0.178125
0 0.1859375 0.4296875 0.06875 0.1078125
0 0.103125 0.41015625 0.109375 0.13515625
0 0.15546875 0.359375 0.09453125 0.06875
0 0.14921875 0.30078125 0.11875 0.08671875
0 0.14375 0.246875 0.178125 0.159375
0 0.140625 0.7109375 0.059375 0.0578125