0 0.5328125 0.9390625 0.08125 0.084375
0 0.31875 0.746875 0.1078125 0.13515625
0 0.45546875 0.6859375 0.0859375 0.07265625
0 0.51484375 0.6 0.06484375 0.1046875
0 0.59296875 0.60078125 0.04609375 0.04921875
0 0.6421875 0.65078125 0.05859375 0.05390625
0 0.7296875 0.63984375 0.06796875 0.07265625
0 0.971875 0.66484375 0.05546875 0.0953125
0 0.56640625 0.521875 0.05078125 0.06015625
0 0.61171875 0.52265625 0.03984375 0.05859375
0 0.65859375 0.5765625 0.06328125 0.0765625
0 0.603125 0.45546875 0.05078125 0.06640625
0 0.65078125 0.45625 0.05078125 0.07109375
0 0.70234375 0.48203125 0.06171875 0.096875
0 0.3078125 0.32578125 0.06953125 0.06640625
0 0.23125 0.26171875 0.10625 0.0984375
0 0.01484375 0.10546875 0.0296875 0.1015625
0 0.08359375 0.03671875 0.08125 0.06953125
0 0.015625 0.021875 0.03125 0.04375
0 0.38125 0.0234375 0.08125 0.046875
0 0.709375 0.10234375 0.06640625 0.05546875
0 0.83203125 0.15 0.06328125 0.08125
0 0.91796875 0.24296875 0.06796875 0.07265625
0 0.9828125 0.2828125 0.034375 0.084375
0 0.91171875 0.1484375 0.06796875 0.08125
0 0.8859375 0.02421875 0.065625 0.0484375
0 0.971875 0.0921875 0.05546875 0.06640625
0 0.96953125 0.03125 0.06015625 0.06171875