0 0.39140625 0.125 0.0671875 0.071875
0 0.48359375 0.12578125 0.0671875 0.0578125
0 0.56796875 0.1734375 0.0796875 0.0875
0 0.71484375 0.0890625 0.0609375 0.05625
0 0.8109375 0.034375 0.053125 0.040625
0 0.73515625 0.16328125 0.0984375 0.0953125
0 0.86015625 0.20859375 0.0765625 0.0890625
0 0.953125 0.24375 0.090625 0.09375
0 0.97109375 0.19375 0.0578125 0.065625
0 0.42890625 0.33515625 0.0578125 0.0578125
0 0.36875 0.23671875 0.04375 0.0453125
0 0.30625 0.3515625 0.053125 0.053125
0 0.06015625 0.646875 0.1171875 0.13125
0 0.7984375 0.275 0.096875 0.103125
0 0.7203125 0.3640625 0.0625 0.084375
0 0.93125 0.35 0.090625 0.0875
0 0.984375 0.390625 0.03125 0.14375
0 0.89296875 0.41796875 0.0921875 0.0578125
0 0.8484375 0.36640625 0.09375 0.0671875
0 0.9546875 0.41328125 0.0625 0.0765625
0 0.96171875 0.48359375 0.0734375 0.1078125
0 0.8109375 0.4125 0.0875 0.0875
0 0.8890625 0.453125 0.09375 0.10625
0 0.8296875 0.5109375 0.075 0.096875
0 0.77265625 0.49140625 0.0609375 0.1296875
0 0.71640625 0.46015625 0.0546875 0.1234375
0 0.66796875 0.465625 0.0453125 0.0625
0 0.75390625 0.53359375 0.1015625 0.0953125
0 0.6703125 0.54453125 0.103125 0.1078125
0 0.59765625 0.51875 0.1015625 0.15625
0 0.5140625 0.553125 0.115625 0.096875
0 0.353125 0.60390625 0.065625 0.0578125
0 0.41953125 0.56328125 0.0921875 0.0671875
0 0.4046875 0.625 0.075 0.075
0 0.47265625 0.6203125 0.0640625 0.06875
0 0.53359375 0.63515625 0.0765625 0.0796875
0 0.45078125 0.7359375 0.1359375 0.134375
0 0.3078125 0.66796875 0.1 0.1515625
0 0.38671875 0.70390625 0.0859375 0.0984375
0 0.23203125 0.66171875 0.0640625 0.0578125
0 0.25234375 0.7484375 0.1109375 0.115625
0 0.31953125 0.78828125 0.0953125 0.0859375
0 0.38671875 0.9015625 0.1109375 0.13125
0 0.14609375 0.73203125 0.1078125 0.1265625
0 0.0921875 0.8140625 0.1 0.134375
0 0.1625 0.84375 0.059375 0.096875
0 0.225 0.83359375 0.090625 0.0984375
0 0.22109375 0.8953125 0.0640625 0.071875
0 0.27734375 0.909375 0.0421875 0.053125
0 0.1578125 0.928125 0.090625 0.09375
0 0.05078125 0.921875 0.0953125 0.1
0 0.79453125 0.8375 0.1140625 0.115625