0 0.628125 0.065625 0.146875 0.13125
0 0.9625 0.028125 0.07421875 0.05546875
0 0.92734375 0.07109375 0.1453125 0.1421875
0 0.975 0.16875 0.05 0.10625
0 0.8140625 0.25703125 0.15546875 0.15859375
0 0.90546875 0.15546875 0.121875 0.09453125
0 0.4421875 0.1984375 0.0640625 0.07578125
0 0.384375 0.18125 0.065625 0.09296875
0 0.365625 0.25 0.13359375 0.07421875
0 0.10703125 0.08125 0.18046875 0.15859375
0 0.9546875 0.28046875 0.090625 0.1703125
0 0.92890625 0.27421875 0.1421875 0.1640625
0 0.878125 0.38671875 0.07734375 0.0875
0 0.9515625 0.37421875 0.09609375 0.1234375
0 0.9421875 0.45703125 0.11484375 0.09609375
0 0.91328125 0.56875 0.11640625 0.08984375
0 0.94375 0.5140625 0.1125 0.046875
0 0.9765625 0.53984375 0.046875 0.1484375
0 0.940625 0.61875 0.11796875 0.13671875
0 0.96875 0.66953125 0.0625 0.17421875
0 0.9734375 0.96328125 0.053125 0.0734375
0 0.96796875 0.85390625 0.0640625 0.0625
0 0.9328125 0.9390625 0.1015625 0.0578125
0 0.8703125 0.78515625 0.121875 0.0671875
0 0.9078125 0.846875 0.08984375 0.06953125
0 0.8859375 0.9015625 0.0796875 0.07265625
0 0.82578125 0.87734375 0.0875 0.13984375
0 0.753125 0.81953125 0.08125 0.0640625
0 0.79921875 0.83359375 0.0578125 0.065625
0 0.753125 0.88515625 0.09140625 0.0671875
0 0.4828125 0.51953125 0.1453125 0.1203125
0 0.4328125 0.55234375 0.11484375 0.11171875
0 0.334375 0.51484375 0.13515625 0.09765625
0 0.31953125 0.60390625 0.1421875 0.1296875
0 0.40625 0.60390625 0.0828125 0.09296875
0 0.54375 0.61015625 0.11171875 0.07734375
0 0.68046875 0.68046875 0.1015625 0.07109375
0 0.79609375 0.75625 0.04921875 0.065625
0 0.72734375 0.76484375 0.15 0.1890625
0 0.62109375 0.76640625 0.13359375 0.13671875
0 0.60625 0.84296875 0.13828125 0.1453125
0 0.54140625 0.8328125 0.07578125 0.09453125
0 0.509375 0.85234375 0.0796875 0.07578125
0 0.60234375 0.67890625 0.11640625 0.1078125
0 0.5296875 0.6625 0.1 0.07421875
0 0.50234375 0.721875 0.11328125 0.1203125
0 0.2765625 0.66875 0.13671875 0.09453125
0 0.246875 0.7296875 0.0640625 0.0875
0 0.31015625 0.7359375 0.0796875 0.0859375
0 0.26640625 0.79921875 0.0796875 0.08125
0 0.35703125 0.871875 0.1671875 0.1484375
0 0.51953125 0.92578125 0.1296875 0.11171875
0 0.26640625 0.878125 0.0625 0.121875
0 0.20546875 0.87890625 0.08984375 0.11328125
0 0.175 0.33671875 0.1 0.10625
0 0.0890625 0.34609375 0.0625 0.07734375
0 0.0265625 0.30234375 0.05234375 0.0578125
0 0.01875 0.41015625 0.0375 0.0671875
0 0.178125 0.47734375 0.0859375 0.1203125
0 0.09765625 0.4609375 0.09453125 0.15859375
0 0.225 0.40234375 0.08125 0.1421875
0 0.20234375 0.5140625 0.0578125 0.065625
0 0.053125 0.6453125 0.09296875 0.09765625
0 0.05078125 0.5265625 0.1015625 0.1875
0 0.20390625 0.58046875 0.07265625 0.11328125
0 0.11640625 0.6015625 0.11484375 0.1421875
0 0.17109375 0.6546875 0.1 0.07265625
0 0.165625 0.71640625 0.125 0.09140625
0 0.159375 0.77265625 0.1875 0.1671875
0 0.15625 0.28515625 0.0625 0.0609375