0 0.46015625 0.06953125 0.0796875 0.0828125
0 0.6703125 0.25859375 0.10625 0.1328125
0 0.5359375 0.31875 0.084375 0.071875
0 0.47734375 0.403125 0.0640625 0.103125
0 0.40078125 0.40234375 0.0453125 0.0484375
0 0.35234375 0.353125 0.0578125 0.053125
0 0.26640625 0.3640625 0.0671875 0.071875
0 0.02734375 0.3390625 0.0546875 0.09375
0 0.4265625 0.4796875 0.05 0.059375
0 0.38203125 0.47890625 0.0390625 0.0578125
0 0.3359375 0.4265625 0.0625 0.075
0 0.390625 0.5453125 0.05 0.065625
0 0.34375 0.54453125 0.05 0.0703125
0 0.29296875 0.51953125 0.0609375 0.0953125
0 0.68125 0.6734375 0.06875 0.065625
0 0.75703125 0.7359375 0.1046875 0.096875
0 0.978125 0.890625 0.04375 0.1
0 0.90234375 0.9578125 0.0796875 0.06875
0 0.97734375 0.97265625 0.0453125 0.0421875
0 0.61015625 0.97421875 0.0796875 0.0515625
0 0.2859375 0.89296875 0.065625 0.0546875
0 0.165625 0.84609375 0.0625 0.0796875
0 0.08046875 0.7546875 0.0671875 0.071875
0 0.0171875 0.71640625 0.034375 0.0828125
0 0.08671875 0.84765625 0.0671875 0.0796875
0 0.11328125 0.9734375 0.0640625 0.053125
0 0.02734375 0.903125 0.0546875 0.065625
0 0.0296875 0.9640625 0.059375 0.0625