0 0.36015625 0.92265625 0.071875 0.07734375
0 0.45859375 0.921875 0.071875 0.06171875
0 0.54921875 0.87109375 0.0859375 0.09375
0 0.70703125 0.96171875 0.065625 0.06015625
0 0.72890625 0.88203125 0.10546875 0.10234375
0 0.86328125 0.8328125 0.08203125 0.0953125
0 0.95703125 0.7953125 0.0859375 0.10078125
0 0.97578125 0.84921875 0.0484375 0.0703125
0 0.4 0.696875 0.06171875 0.06171875
0 0.3359375 0.803125 0.046875 0.0484375
0 0.26875 0.6796875 0.05703125 0.05703125
0 0.03359375 0.3625 0.0671875 0.140625
0 0.796875 0.76171875 0.10390625 0.1109375
0 0.71328125 0.66640625 0.0671875 0.090625
0 0.93984375 0.68125 0.09765625 0.09375
0 0.98984375 0.6375 0.0203125 0.1546875
0 0.8984375 0.60859375 0.09921875 0.06171875
0 0.85078125 0.66328125 0.10078125 0.071875
0 0.96484375 0.61328125 0.0671875 0.08203125
0 0.96640625 0.5375 0.0671875 0.115625
0 0.81015625 0.6140625 0.09375 0.09375
0 0.89453125 0.5703125 0.10078125 0.1140625
0 0.83046875 0.50859375 0.08046875 0.10390625
0 0.76953125 0.5296875 0.065625 0.1390625
0 0.70859375 0.56328125 0.05859375 0.1328125
0 0.65703125 0.55703125 0.0484375 0.0671875
0 0.74921875 0.484375 0.109375 0.10234375
0 0.659375 0.47265625 0.1109375 0.115625
0 0.58125 0.5 0.109375 0.16796875
0 0.49140625 0.46328125 0.12421875 0.10390625
0 0.31875 0.40859375 0.0703125 0.06171875
0 0.38984375 0.45234375 0.09921875 0.071875
0 0.37421875 0.3859375 0.08046875 0.08046875
0 0.446875 0.390625 0.06875 0.0734375
0 0.5125 0.375 0.08203125 0.0859375
0 0.4234375 0.26640625 0.14609375 0.14453125
0 0.2703125 0.33984375 0.10703125 0.1625
0 0.3546875 0.3015625 0.0921875 0.10546875
0 0.1890625 0.34609375 0.06875 0.06171875
0 0.2109375 0.253125 0.11875 0.12421875
0 0.2828125 0.2109375 0.10234375 0.0921875
0 0.3546875 0.0890625 0.11875 0.140625
0 0.09609375 0.27109375 0.115625 0.1359375
0 0.04609375 0.1828125 0.0921875 0.14453125
0 0.1140625 0.15078125 0.0640625 0.10390625
0 0.18125 0.16171875 0.09765625 0.10546875
0 0.17734375 0.0953125 0.06875 0.07734375
0 0.2375 0.08046875 0.0453125 0.05703125
0 0.109375 0.06015625 0.09765625 0.10078125
0 0.02265625 0.0671875 0.0453125 0.10703125
0 0.79296875 0.1578125 0.12265625 0.12421875