0 0.596875 0.09609375 0.06953125 0.075
0 0.50078125 0.096875 0.06953125 0.06015625
0 0.41328125 0.14609375 0.0828125 0.090625
0 0.2609375 0.05859375 0.06328125 0.05859375
0 0.1609375 0.01171875 0.05546875 0.02265625
0 0.2390625 0.1359375 0.10234375 0.09921875
0 0.109375 0.1828125 0.0796875 0.0921875
0 0.03046875 0.21875 0.0609375 0.096875
0 0.0125 0.1671875 0.02421875 0.06796875
0 0.5578125 0.3140625 0.06015625 0.06015625
0 0.6203125 0.21171875 0.0453125 0.046875
0 0.68515625 0.33125 0.05546875 0.05546875
0 0.93984375 0.63828125 0.1203125 0.13671875
0 0.1734375 0.2515625 0.10078125 0.10703125
0 0.2546875 0.34453125 0.06484375 0.0875
0 0.04140625 0.3296875 0.0828125 0.090625
0 0.07578125 0.4 0.09609375 0.06015625
0 0.121875 0.346875 0.09765625 0.06953125
0 0.021875 0.3953125 0.04375 0.0796875
0 0.02109375 0.46796875 0.0421875 0.11171875
0 0.1609375 0.39453125 0.090625 0.090625
0 0.0796875 0.43671875 0.09765625 0.11015625
0 0.14140625 0.496875 0.078125 0.10078125
0 0.20078125 0.4765625 0.06328125 0.134375
0 0.25859375 0.44375 0.05703125 0.128125
0 0.309375 0.45 0.046875 0.06484375
0 0.2203125 0.5203125 0.10546875 0.09921875
0 0.30703125 0.53203125 0.10703125 0.11171875
0 0.38203125 0.5046875 0.10546875 0.1625
0 0.46953125 0.540625 0.1203125 0.10078125
0 0.63671875 0.59296875 0.06796875 0.06015625
0 0.5671875 0.55078125 0.09609375 0.06953125
0 0.5828125 0.615625 0.078125 0.078125
0 0.5125 0.61015625 0.06640625 0.07109375
0 0.44921875 0.62578125 0.0796875 0.0828125
0 0.53515625 0.73046875 0.14140625 0.13984375
0 0.68359375 0.66015625 0.10390625 0.1578125
0 0.6015625 0.696875 0.0890625 0.10234375
0 0.7625 0.653125 0.06640625 0.06015625
0 0.74140625 0.74375 0.115625 0.1203125
0 0.67109375 0.78515625 0.09921875 0.0890625
0 0.6015625 0.90234375 0.115625 0.13671875
0 0.8515625 0.7265625 0.11171875 0.13125
0 0.9078125 0.81171875 0.10390625 0.13984375
0 0.834375 0.8421875 0.06171875 0.10078125
0 0.76953125 0.83203125 0.09453125 0.10234375
0 0.7734375 0.89609375 0.06640625 0.075
0 0.71484375 0.9109375 0.04375 0.05546875
0 0.8390625 0.93046875 0.09453125 0.09765625
0 0.95078125 0.92265625 0.0984375 0.1046875
0 0.178125 0.8359375 0.11875 0.1203125