0 0.9515625 0.13046875 0.0453125 0.04140625
0 0.95078125 0.16484375 0.0640625 0.0484375
0 0.9484375 0.2609375 0.05390625 0.0609375
0 0.9609375 0.59296875 0.0296875 0.05390625
0 0.9734375 0.49921875 0.04375 0.03671875
0 0.93671875 0.04765625 0.0296875 0.05
0 0.6765625 0.009375 0.03671875 0.01875
0 0.646875 0.06328125 0.03984375 0.02578125
0 0.58359375 0.09375 0.02421875 0.0453125
0 0.76875 0.17890625 0.04140625 0.03828125
0 0.84453125 0.54140625 0.05 0.03828125
0 0.809375 0.5515625 0.03828125 0.0328125
0 0.77265625 0.5578125 0.03125 0.0296875
0 0.73671875 0.5640625 0.03984375 0.03125
0 0.6921875 0.56953125 0.05390625 0.03828125
0 0.62578125 0.55546875 0.0296875 0.02421875
0 0.64765625 0.52578125 0.034375 0.034375
0 0.6671875 0.48359375 0.04375 0.05390625
0 0.66171875 0.3953125 0.0484375 0.03671875
0 0.54609375 0.43984375 0.05 0.03671875
0 0.54765625 0.403125 0.05 0.04140625
0 0.5375 0.65546875 0.0328125 0.0296875
0 0.71640625 0.80390625 0.03984375 0.03125
0 0.66484375 0.853125 0.02421875 0.02265625
0 0.74765625 0.90546875 0.04375 0.05390625
0 0.86953125 0.9609375 0.09375 0.046875
0 0.87421875 0.9890625 0.0921875 0.021875
0 0.96328125 0.96328125 0.059375 0.07265625
0 0.93046875 0.82734375 0.05546875 0.04375
0 0.58046875 0.60859375 0.0296875 0.03984375
0 0.63515625 0.925 0.034375 0.03125
0 0.58671875 0.99140625 0.028125 0.0171875
0 0.43046875 0.875 0.04140625 0.034375
0 0.41484375 0.94375 0.034375 0.03984375
0 0.19296875 0.94765625 0.0484375 0.034375
0 0.2625 0.7859375 0.0765625 0.05390625
0 0.2359375 0.76484375 0.08359375 0.03671875
0 0.1515625 0.7875 0.08828125 0.04375
0 0.0265625 0.83671875 0.053125 0.0390625
0 0.02421875 0.45390625 0.0484375 0.05
0 0.0171875 0.353125 0.034375 0.0609375
0 0.08828125 0.3 0.0453125 0.05546875
0 0.065625 0.2515625 0.06953125 0.05546875
0 0.05703125 0.209375 0.0484375 0.05
0 0.01875 0.21953125 0.0375 0.0234375