0 0.8453125 0.97109375 0.03515625 0.0546875
0 0.88046875 0.81953125 0.04140625 0.03828125
0 0.8796875 0.7875 0.059375 0.04453125
0 0.878125 0.69921875 0.04921875 0.05625
0 0.959375 0.59921875 0.03671875 0.02890625
0 0.99140625 0.45546875 0.0171875 0.0671875
0 0.8890625 0.39375 0.02734375 0.04921875
0 0.953125 0.40390625 0.02109375 0.02578125
0 0.9 0.4796875 0.03984375 0.03359375
0 0.86640625 0.8953125 0.02734375 0.04609375
0 0.62734375 0.93203125 0.03359375 0.02109375
0 0.6 0.88125 0.03671875 0.02421875
0 0.54140625 0.853125 0.02265625 0.04140625
0 0.7125 0.775 0.03828125 0.03515625
0 0.78203125 0.440625 0.04609375 0.03515625
0 0.74921875 0.43203125 0.03515625 0.03046875
0 0.715625 0.42578125 0.02890625 0.02734375
0 0.6828125 0.4203125 0.03671875 0.02890625
0 0.64140625 0.415625 0.04921875 0.03515625
0 0.58046875 0.428125 0.02734375 0.02265625
0 0.60078125 0.45546875 0.03203125 0.03203125
0 0.61875 0.49453125 0.03984375 0.04921875
0 0.61328125 0.57578125 0.04453125 0.03359375
0 0.50703125 0.534375 0.04609375 0.03359375
0 0.50859375 0.56875 0.04609375 0.03828125
0 0.49921875 0.3359375 0.03046875 0.02734375
0 0.6640625 0.2 0.03671875 0.02890625
0 0.61640625 0.15390625 0.02265625 0.02109375
0 0.6921875 0.10625 0.03984375 0.04921875
0 0.80546875 0.05546875 0.0859375 0.04296875
0 0.809375 0.02109375 0.084375 0.03828125
0 0.89140625 0.0484375 0.0546875 0.075
0 0.99375 0.03515625 0.0125 0.0546875
0 0.95390625 0.0453125 0.0640625 0.090625
0 0.8609375 0.178125 0.05078125 0.03984375
0 0.5390625 0.3796875 0.02734375 0.03671875
0 0.58984375 0.0875 0.03203125 0.02890625
0 0.5453125 0.0171875 0.025 0.034375
0 0.40078125 0.134375 0.03828125 0.03203125
0 0.38671875 0.07109375 0.03203125 0.03671875
0 0.18203125 0.0671875 0.04453125 0.03203125
0 0.24609375 0.21640625 0.0703125 0.04921875
0 0.221875 0.2359375 0.0765625 0.03359375
0 0.14453125 0.21484375 0.08125 0.03984375
0 0.0265625 0.1703125 0.05234375 0.03671875
0 0.0265625 0.521875 0.04609375 0.04609375
0 0.01875 0.6140625 0.03671875 0.05625
0 0.0859375 0.66328125 0.04140625 0.05078125
0 0.065625 0.7078125 0.0640625 0.05078125
0 0.0578125 0.746875 0.04453125 0.04609375
0 0.01953125 0.73828125 0.03828125 0.02265625