0 0.01875 0.00703125 0.0375 0.0140625
0 0.065625 0.00390625 0.06875 0.0078125
0 0.034375 0.034375 0.04140625 0.04140625
0 0.11953125 0.00390625 0.0671875 0.0078125
0 0.11015625 0.1859375 0.06875 0.05859375
0 0.05703125 0.2078125 0.04140625 0.04140625
0 0.340625 0.00390625 0.04375 0.0078125
0 0.35546875 0.04140625 0.0375 0.034375
0 0.47421875 0.0578125 0.065625 0.06328125
0 0.53671875 0.0421875 0.08046875 0.07734375
0 0.734375 0.0125 0.0625 0.025
0 0.790625 0.0078125 0.06875 0.015625
0 0.946875 0.0765625 0.0546875 0.05703125
0 0.98203125 0.06328125 0.0359375 0.04140625
0 0.5671875 0.196875 0.0890625 0.06328125
0 0.41484375 0.22109375 0.04296875 0.03984375
0 0.22109375 0.31640625 0.04609375 0.0484375
0 0.2578125 0.3078125 0.0375 0.04453125
0 0.2640625 0.34765625 0.06328125 0.04609375
0 0.240625 0.38671875 0.0546875 0.04453125
0 0.51015625 0.284375 0.04140625 0.03984375
0 0.9828125 0.14453125 0.034375 0.04140625
0 0.95 0.19296875 0.07578125 0.07734375
0 0.5640625 0.42421875 0.07734375 0.07578125
0 0.64375 0.36484375 0.06015625 0.04609375
0 0.6546875 0.4 0.06171875 0.0375
0 0.865625 0.51953125 0.071875 0.0671875
0 0.86875 0.56171875 0.07734375 0.0375
0 0.76953125 0.67578125 0.0890625 0.07421875
0 0.36328125 0.7125 0.084375 0.07734375
0 0.3203125 0.74375 0.0875 0.0890625
0 0.4859375 0.89609375 0.05859375 0.04609375
0 0.4140625 0.9078125 0.0546875 0.05
0 0.3640625 0.93046875 0.04453125 0.04296875
0 0.29453125 0.99296875 0.0359375 0.0140625
0 0.20625 0.98125 0.0484375 0.0375
0 0.153125 0.9875 0.05 0.025
0 0.10234375 0.99140625 0.05 0.0171875
0 0.853125 0.884375 0.053125 0.053125
0 0.81015625 0.80078125 0.05703125 0.04140625
0 0.77421875 0.7296875 0.0875 0.0671875
0 0.9109375 0.74921875 0.06875 0.0484375
0 0.84140625 0.75078125 0.07734375 0.07578125
0 0.8109375 0.79921875 0.06875 0.04453125
0 0.84609375 0.88203125 0.06015625 0.053125
0 0.8875 0.91953125 0.07421875 0.05859375
0 0.22578125 0.5640625 0.03984375 0.0328125
0 0.16953125 0.5765625 0.03984375 0.04296875
0 0.08828125 0.5984375 0.05 0.0359375
0 0.04921875 0.61484375 0.06015625 0.05859375