0 0.825 0.93046875 0.03515625 0.03359375
0 0.91015625 0.81015625 0.03359375 0.028125
0 0.871875 0.8203125 0.03359375 0.03359375
0 0.88515625 0.90859375 0.03984375 0.03671875
0 0.75234375 0.89375 0.03671875 0.03671875
0 0.696875 0.884375 0.04453125 0.04453125
0 0.64453125 0.91796875 0.046875 0.04140625
0 0.58203125 0.9125 0.0546875 0.0484375
0 0.62890625 0.85703125 0.0515625 0.046875
0 0.7078125 0.85 0.06015625 0.04453125
0 0.359375 0.98359375 0.03125 0.0328125
0 0.13828125 0.96953125 0.0890625 0.0609375
0 0.20078125 0.93515625 0.04296875 0.03984375
0 0.1078125 0.89453125 0.06015625 0.04453125
0 0.1046875 0.73125 0.03984375 0.05625
0 0.1203125 0.6828125 0.06171875 0.04296875
0 0.12734375 0.6359375 0.03828125 0.03671875
0 0.05703125 0.61015625 0.03828125 0.0515625
0 0.01953125 0.60859375 0.0390625 0.0484375
0 0.09609375 0.54140625 0.0234375 0.0265625
0 0.34453125 0.70703125 0.04453125 0.0515625
0 0.28984375 0.6421875 0.03125 0.03828125
0 0.4234375 0.60546875 0.06328125 0.06171875
0 0.4625 0.51875 0.028125 0.028125
0 0.453125 0.4125 0.03984375 0.04140625
0 0.7515625 0.58359375 0.06171875 0.06796875
0 0.6859375 0.58125 0.1 0.053125
0 0.90234375 0.41171875 0.0234375 0.0265625
0 0.9625 0.39453125 0.028125 0.028125
0 0.86015625 0.4359375 0.0234375 0.021875
0 0.85703125 0.39375 0.03359375 0.03671875
0 0.85234375 0.353125 0.03359375 0.03515625
0 0.61953125 0.32890625 0.03359375 0.04296875
0 0.61953125 0.28515625 0.0265625 0.025
0 0.7359375 0.16796875 0.06015625 0.053125
0 0.68828125 0.1796875 0.03828125 0.03359375
0 0.596875 0.15625 0.03125 0.0265625
0 0.43671875 0.30859375 0.05625 0.046875
0 0.4140625 0.26796875 0.08828125 0.075
0 0.48359375 0.0765625 0.03984375 0.03984375
0 0.446875 0.046875 0.06953125 0.046875
0 0.23984375 0.3109375 0.03828125 0.03359375
0 0.2328125 0.253125 0.03359375 0.03515625
0 0.21171875 0.0859375 0.03828125 0.03515625
0 0.20078125 0.03203125 0.03984375 0.03515625
0 0.0171875 0.05 0.034375 0.0375
0 0.009375 0.23515625 0.01796875 0.0484375
0 0.840625 0.02109375 0.03984375 0.03515625
0 0.12109375 0.33984375 0.0203125 0.021875
0 0.88984375 0.184375 0.028125 0.03359375
0 0.665625 0.746875 0.078125 0.08125
0 0.5578125 0.765625 0.04296875 0.05625
0 0.60546875 0.7546875 0.0578125 0.0484375
0 0.60546875 0.8046875 0.075 0.0515625
0 0.5875 0.85625 0.0515625 0.0578125
0 0.15703125 0.72890625 0.04140625 0.04296875
0 0.75859375 0.26484375 0.028125 0.028125