0 0.88671875 0.09765625 0.04453125 0.034375
0 0.8328125 0.0546875 0.05 0.0375
0 0.984375 0.675 0.03125 0.0484375
0 0.93984375 0.70546875 0.0484375 0.06328125
0 0.88203125 0.75 0.05 0.03984375
0 0.859375 0.8640625 0.06171875 0.05859375
0 0.8984375 0.98671875 0.0375 0.0265625
0 0.834375 0.98671875 0.059375 0.0265625
0 0.93984375 0.89453125 0.02734375 0.02578125
0 0.98828125 0.85 0.0234375 0.0375
0 0.75859375 0.509375 0.03984375 0.03984375
0 0.65390625 0.4140625 0.05 0.04453125
0 0.70703125 0.425 0.0328125 0.02890625
0 0.5921875 0.3421875 0.0359375 0.0375
0 0.53125 0.3171875 0.04140625 0.04609375
0 0.52421875 0.3765625 0.0375 0.03125
0 0.50625 0.13203125 0.053125 0.05859375
0 0.4171875 0.07421875 0.04453125 0.04140625
0 0.34453125 0.10625 0.04296875 0.0375
0 0.3859375 0.109375 0.0359375 0.04296875
0 0.2859375 0.05234375 0.03984375 0.04296875
0 0.3125 0.253125 0.0546875 0.05
0 0.29296875 0.2953125 0.03984375 0.03125
0 0.35 0.31953125 0.0359375 0.03125
0 0.41953125 0.290625 0.034375 0.0375
0 0.15 0.26015625 0.02890625 0.0359375
0 0.19140625 0.2234375 0.03984375 0.03125
0 0.1375 0.19609375 0.04140625 0.04453125
0 0.1046875 0.1921875 0.034375 0.03125
0 0.0703125 0.234375 0.04453125 0.03984375
0 0.1109375 0.2484375 0.04609375 0.03984375
0 0.0296875 0.371875 0.04609375 0.03984375
0 0.06171875 0.4328125 0.0484375 0.0484375
0 0.13046875 0.440625 0.04453125 0.053125
0 0.1578125 0.44765625 0.0375 0.03984375
0 0.18671875 0.46484375 0.053125 0.05
0 0.2921875 0.51875 0.034375 0.04140625
0 0.36875 0.5109375 0.053125 0.04609375
0 0.50625 0.571875 0.06015625 0.04453125
0 0.58984375 0.578125 0.05703125 0.04296875
0 0.6828125 0.734375 0.04296875 0.04609375
0 0.4890625 0.77265625 0.04296875 0.03984375
0 0.428125 0.96171875 0.05859375 0.06328125
0 0.3484375 0.92578125 0.034375 0.04453125
0 0.38984375 0.88125 0.03125 0.0484375
0 0.37578125 0.7390625 0.03984375 0.03125
0 0.453125 0.69765625 0.0359375 0.04140625
0 0.16640625 0.915625 0.0546875 0.05859375
0 0.1671875 0.86328125 0.05703125 0.053125
0 0.09765625 0.86484375 0.06171875 0.06328125
0 0.03203125 0.83359375 0.06015625 0.0546875
0 0.0859375 0.91875 0.05859375 0.04609375
0 0.1484375 0.665625 0.05 0.03984375
0 0.16171875 0.6125 0.04453125 0.05
0 0.390625 0.6875 0.0328125 0.03125
0 0.103125 0.58984375 0.04140625 0.04609375
0 0.021875 0.6203125 0.04375 0.05625
0 0.0046875 0.5671875 0.009375 0.0375
0 0.17578125 0.025 0.02890625 0.04296875
0 0.31640625 0.0265625 0.04453125 0.053125
0 0.13984375 0.02734375 0.04296875 0.03125
0 0.23515625 0.05546875 0.04453125 0.053125
0 0.47265625 0.1859375 0.0546875 0.04453125
0 0.56171875 0.18203125 0.04453125 0.0484375
0 0.24765625 0.23359375 0.034375 0.03125
0 0.4859375 0.3046875 0.04453125 0.04609375
0 0.746875 0.39375 0.03984375 0.03125
0 0.26640625 0.70078125 0.0375 0.034375
0 0.32421875 0.71796875 0.02890625 0.03125
0 0.40546875 0.74453125 0.03125 0.0328125
0 0.0046875 0.76328125 0.009375 0.0578125
0 0.34453125 0.83828125 0.04296875 0.071875
0 0.92578125 0.59765625 0.02421875 0.03125