0 0.99375 0.8296875 0.0125 0.046875
0 0.8140625 0.884375 0.034375 0.0328125
0 0.89765625 0.7671875 0.0328125 0.02734375
0 0.86015625 0.77734375 0.0328125 0.0328125
0 0.8734375 0.86328125 0.0390625 0.0359375
0 0.74375 0.84921875 0.0359375 0.0359375
0 0.54296875 0.98671875 0.04375 0.02578125
0 0.6890625 0.83984375 0.04375 0.04375
0 0.63828125 0.87265625 0.0453125 0.040625
0 0.57734375 0.86796875 0.05390625 0.046875
0 0.62265625 0.81328125 0.05 0.0453125
0 0.7 0.80625 0.05859375 0.04375
0 0.359375 0.93828125 0.03046875 0.0359375
0 0.24296875 0.975 0.040625 0.0375
0 0.1484375 0.97109375 0.06875 0.0578125
0 0.14296875 0.92265625 0.0875 0.06015625
0 0.2046875 0.88984375 0.0421875 0.0390625
0 0.11328125 0.85 0.05859375 0.04375
0 0.11015625 0.68984375 0.0390625 0.05546875
0 0.12578125 0.64296875 0.06015625 0.0421875
0 0.13203125 0.59765625 0.0375 0.0359375
0 0.0640625 0.571875 0.0375 0.05
0 0.02578125 0.5703125 0.0390625 0.046875
0 0.10234375 0.5046875 0.02265625 0.02578125
0 0.3453125 0.66640625 0.04375 0.05
0 0.29140625 0.603125 0.03046875 0.0375
0 0.421875 0.5671875 0.06171875 0.06015625
0 0.46015625 0.4828125 0.02734375 0.02734375
0 0.4515625 0.37890625 0.0390625 0.040625
0 0.74296875 0.54609375 0.06015625 0.06640625
0 0.67890625 0.54375 0.09765625 0.0515625
0 0.88984375 0.378125 0.02265625 0.02578125
0 0.94921875 0.3609375 0.02734375 0.02734375
0 0.84921875 0.4015625 0.02265625 0.02109375
0 0.84609375 0.36015625 0.0328125 0.0359375
0 0.840625 0.3203125 0.0328125 0.034375
0 0.61328125 0.296875 0.0328125 0.0421875
0 0.61328125 0.25390625 0.02578125 0.02421875
0 0.72734375 0.13984375 0.05859375 0.0515625
0 0.68125 0.15078125 0.0375 0.0328125
0 0.59140625 0.128125 0.03046875 0.02578125
0 0.43515625 0.27734375 0.05546875 0.0453125
0 0.41328125 0.2375 0.0859375 0.0734375
0 0.48046875 0.05 0.0390625 0.0390625
0 0.44453125 0.021875 0.06796875 0.04375
0 0.24296875 0.27890625 0.0375 0.0328125
0 0.23515625 0.2234375 0.0328125 0.034375
0 0.21484375 0.059375 0.0375 0.034375
0 0.2046875 0.0125 0.0390625 0.02421875
0 0.02109375 0.0234375 0.0390625 0.0375
0 0.01328125 0.20546875 0.02578125 0.046875
0 0.83046875 0.00703125 0.0390625 0.0140625
0 0.1265625 0.3078125 0.01953125 0.02109375
0 0.87734375 0.15546875 0.02734375 0.0328125
0 0.65859375 0.70546875 0.0765625 0.0796875
0 0.55390625 0.72421875 0.0421875 0.05546875
0 0.6 0.71328125 0.05703125 0.046875
0 0.6 0.7625 0.0734375 0.05
0 0.58203125 0.8125 0.05 0.05703125
0 0.16171875 0.68828125 0.040625 0.0421875
0 0.74921875 0.234375 0.02734375 0.02734375