0 0.88125 0.1140625 0.04375 0.03359375
0 0.828125 0.071875 0.0484375 0.03671875
0 0.98046875 0.678125 0.03828125 0.046875
0 0.9328125 0.70703125 0.046875 0.06171875
0 0.8765625 0.75078125 0.0484375 0.03828125
0 0.85390625 0.8625 0.06015625 0.05703125
0 0.89375 0.984375 0.0375 0.03125
0 0.8296875 0.984375 0.05625 0.03125
0 0.9328125 0.89140625 0.0265625 0.025
0 0.98359375 0.84921875 0.03046875 0.03671875
0 0.75625 0.515625 0.03828125 0.03828125
0 0.65390625 0.42265625 0.0484375 0.04375
0 0.70546875 0.43359375 0.03203125 0.02890625
0 0.59296875 0.35234375 0.03515625 0.03671875
0 0.53359375 0.328125 0.040625 0.0453125
0 0.5265625 0.3859375 0.03671875 0.03046875
0 0.509375 0.14765625 0.05234375 0.05703125
0 0.575 0.01015625 0.03203125 0.0203125
0 0.42265625 0.090625 0.04375 0.040625
0 0.3515625 0.12265625 0.0421875 0.03671875
0 0.39140625 0.125 0.03515625 0.0421875
0 0.29453125 0.06953125 0.03828125 0.0421875
0 0.3203125 0.265625 0.05390625 0.0484375
0 0.3015625 0.30703125 0.03828125 0.03046875
0 0.35625 0.33046875 0.03515625 0.03046875
0 0.42421875 0.30234375 0.03359375 0.03671875
0 0.16171875 0.27265625 0.02890625 0.03515625
0 0.20234375 0.23671875 0.03828125 0.03046875
0 0.14921875 0.209375 0.040625 0.04375
0 0.1171875 0.20625 0.03359375 0.03046875
0 0.08359375 0.24765625 0.04375 0.03828125
0 0.1234375 0.2609375 0.0453125 0.03828125
0 0.0078125 0.21640625 0.01484375 0.03359375
0 0.04453125 0.38203125 0.0453125 0.03828125
0 0.07578125 0.44140625 0.046875 0.046875
0 0.14296875 0.4484375 0.04375 0.05234375
0 0.16953125 0.45546875 0.03671875 0.03828125
0 0.196875 0.47265625 0.05234375 0.0484375
0 0.3 0.525 0.03359375 0.040625
0 0.375 0.51796875 0.05234375 0.0453125
0 0.509375 0.57734375 0.05859375 0.04375
0 0.59140625 0.5828125 0.05546875 0.0421875
0 0.68203125 0.7359375 0.0421875 0.0453125
0 0.4921875 0.77265625 0.0421875 0.03828125
0 0.4328125 0.95703125 0.05703125 0.06171875
0 0.35546875 0.92265625 0.03359375 0.04375
0 0.39609375 0.87890625 0.03046875 0.046875
0 0.38203125 0.73984375 0.03828125 0.03046875
0 0.45703125 0.7 0.03515625 0.040625
0 0.178125 0.9125 0.05390625 0.05703125
0 0.17890625 0.86171875 0.05546875 0.05234375
0 0.1109375 0.86328125 0.06015625 0.06171875
0 0.04609375 0.83203125 0.05859375 0.05390625
0 0.09921875 0.915625 0.05703125 0.0453125
0 0.16015625 0.66875 0.0484375 0.03828125
0 0.17265625 0.61640625 0.04375 0.0484375
0 0.396875 0.68984375 0.03203125 0.03046875
0 0.115625 0.59453125 0.040625 0.0453125
0 0.03046875 0.625 0.05390625 0.05546875
0 0.01171875 0.571875 0.0234375 0.03671875
0 0.00859375 0.015625 0.0140625 0.03125
0 0.18671875 0.04296875 0.02890625 0.0421875
0 0.3234375 0.04453125 0.04375 0.05234375
0 0.13515625 0.0125 0.0421875 0.025
0 0.1515625 0.0453125 0.0421875 0.03046875
0 0.2453125 0.07265625 0.04375 0.05234375
0 0.4765625 0.2 0.05390625 0.04375
0 0.5640625 0.19609375 0.04375 0.046875
0 0.25703125 0.246875 0.03359375 0.03046875
0 0.48984375 0.31640625 0.04375 0.0453125
0 0.74375 0.40234375 0.03828125 0.03046875
0 0.275 0.703125 0.03671875 0.03359375
0 0.33125 0.71953125 0.02890625 0.03046875
0 0.4109375 0.74609375 0.03046875 0.03203125
0 0.01171875 0.7640625 0.0234375 0.05546875
0 0.3515625 0.8375 0.0421875 0.0703125
0 0.91953125 0.60234375 0.0234375 0.03046875