0 0.01640625 0.01953125 0.0328125 0.0390625
0 0.0578125 0.0171875 0.0625 0.034375
0 0.03046875 0.05859375 0.03828125 0.03828125
0 0.1078125 0.0171875 0.0625 0.034375
0 0.1 0.1984375 0.06328125 0.05390625
0 0.05078125 0.21875 0.03828125 0.03828125
0 0.31328125 0.01875 0.03984375 0.03203125
0 0.32734375 0.06484375 0.03515625 0.03203125
0 0.43671875 0.08046875 0.06015625 0.05859375
0 0.49453125 0.065625 0.07421875 0.07109375
0 0.678125 0.03046875 0.05703125 0.04140625
0 0.728125 0.0203125 0.0625 0.040625
0 0.87265625 0.09765625 0.05078125 0.05234375
0 0.9078125 0.0859375 0.03828125 0.03828125
0 0.521875 0.20859375 0.0828125 0.05859375
0 0.38203125 0.23125 0.03984375 0.03671875
0 0.20234375 0.31875 0.04296875 0.04453125
0 0.23671875 0.3109375 0.03515625 0.04140625
0 0.2421875 0.3484375 0.05859375 0.04296875
0 0.2203125 0.384375 0.05078125 0.04140625
0 0.46953125 0.28984375 0.03828125 0.03671875
0 0.9234375 0.16015625 0.06640625 0.03828125
0 0.8765625 0.20546875 0.06953125 0.07109375
0 0.98359375 0.15546875 0.0328125 0.0546875
0 0.51953125 0.41875 0.07109375 0.06953125
0 0.59296875 0.3640625 0.05546875 0.04296875
0 0.603125 0.396875 0.05703125 0.03515625
0 0.7984375 0.50703125 0.06640625 0.06171875
0 0.80078125 0.54609375 0.07109375 0.03515625
0 0.709375 0.6515625 0.0828125 0.06796875
0 0.334375 0.68515625 0.078125 0.07109375
0 0.29453125 0.7140625 0.08125 0.0828125
0 0.44765625 0.8546875 0.05390625 0.04296875
0 0.38125 0.865625 0.05078125 0.04609375
0 0.33515625 0.88671875 0.04140625 0.03984375
0 0.2703125 0.95234375 0.03359375 0.02890625
0 0.1890625 0.93359375 0.04453125 0.03515625
0 0.140625 0.9453125 0.04609375 0.03359375
0 0.09296875 0.95703125 0.04609375 0.04453125
0 0.03984375 0.97578125 0.04140625 0.03671875
0 0.16875 0.98125 0.04375 0.0375
0 0.5828125 0.98984375 0.04453125 0.0203125
0 0.81328125 0.9921875 0.05859375 0.015625
0 0.78671875 0.84375 0.04921875 0.04921875
0 0.746875 0.76640625 0.05234375 0.03828125
0 0.71328125 0.70078125 0.08125 0.06171875
0 0.83984375 0.71875 0.06328125 0.04453125
0 0.77578125 0.7203125 0.07109375 0.06953125
0 0.74765625 0.76484375 0.06328125 0.04140625
0 0.78046875 0.8421875 0.05546875 0.04921875
0 0.81796875 0.8765625 0.06796875 0.05390625
0 0.20703125 0.5484375 0.03671875 0.03046875
0 0.1546875 0.559375 0.03671875 0.03984375
0 0.08046875 0.58046875 0.04609375 0.03359375
0 0.04375 0.5953125 0.05546875 0.05390625
0 0.984375 0.896875 0.03125 0.05
0 0.98359375 0.84765625 0.0328125 0.0421875