0 0.02265625 0.17421875 0.0453125 0.0453125
0 0.21171875 0.1203125 0.0328125 0.03125
0 0.13125 0.23359375 0.03125 0.0265625
0 0.1671875 0.2234375 0.03125 0.03125
0 0.1546875 0.140625 0.0375 0.034375
0 0.2796875 0.1546875 0.034375 0.034375
0 0.47265625 0.01796875 0.0421875 0.0328125
0 0.33203125 0.16328125 0.0421875 0.0421875
0 0.38125 0.13203125 0.04375 0.0390625
0 0.43984375 0.13671875 0.0515625 0.0453125
0 0.39609375 0.1890625 0.0484375 0.04375
0 0.321875 0.19609375 0.05625 0.0421875
0 0.64921875 0.06875 0.0296875 0.034375
0 0.76171875 0.03359375 0.0390625 0.0359375
0 0.853125 0.0359375 0.065625 0.059375
0 0.8578125 0.08359375 0.084375 0.0578125
0 0.7984375 0.115625 0.040625 0.0375
0 0.8859375 0.15390625 0.05625 0.0421875
0 0.8890625 0.3078125 0.0375 0.053125
0 0.87421875 0.353125 0.0578125 0.040625
0 0.86796875 0.396875 0.0359375 0.034375
0 0.93359375 0.42109375 0.0359375 0.0484375
0 0.9703125 0.42265625 0.0375 0.0453125
0 0.896875 0.4859375 0.021875 0.025
0 0.66328125 0.33046875 0.0421875 0.0484375
0 0.71484375 0.39140625 0.0296875 0.0359375
0 0.5890625 0.42578125 0.059375 0.0578125
0 0.55234375 0.50703125 0.0265625 0.0265625
0 0.5609375 0.60703125 0.0375 0.0390625
0 0.28046875 0.44609375 0.0578125 0.0640625
0 0.3421875 0.4484375 0.09375 0.05
0 0.1390625 0.6078125 0.021875 0.025
0 0.08203125 0.62421875 0.0265625 0.0265625
0 0.178125 0.58515625 0.021875 0.0203125
0 0.18125 0.625 0.03125 0.034375
0 0.1859375 0.66328125 0.03125 0.0328125
0 0.4046875 0.6859375 0.03125 0.040625
0 0.4046875 0.72734375 0.025 0.0234375
0 0.2953125 0.8375 0.05625 0.05
0 0.33984375 0.8265625 0.0359375 0.03125
0 0.42578125 0.8484375 0.0296875 0.025
0 0.5765625 0.7046875 0.053125 0.04375
0 0.59765625 0.74296875 0.0828125 0.0703125
0 0.5328125 0.9234375 0.0375 0.0375
0 0.5671875 0.9515625 0.065625 0.04375
0 0.76171875 0.703125 0.0359375 0.03125
0 0.76875 0.75703125 0.03125 0.0328125
0 0.78828125 0.91484375 0.0359375 0.0328125
0 0.7984375 0.96484375 0.0375 0.0328125
0 0.975 0.94921875 0.0375 0.0359375
0 0.98515625 0.77421875 0.0296875 0.0453125
0 0.196875 0.97578125 0.0375 0.0328125
0 0.8734375 0.67578125 0.01875 0.0203125
0 0.15078125 0.821875 0.0265625 0.03125
0 0.36171875 0.29296875 0.0734375 0.0765625
0 0.4625 0.275 0.040625 0.053125
0 0.41796875 0.28515625 0.0546875 0.0453125
0 0.41796875 0.23828125 0.0703125 0.0484375
0 0.43515625 0.18984375 0.0484375 0.0546875
0 0.83984375 0.309375 0.0390625 0.040625
0 0.27421875 0.74609375 0.0265625 0.0265625