0 0.01953125 0.021875 0.0390625 0.04375
0 0.0640625 0.01953125 0.0625 0.0390625
0 0.0359375 0.0625 0.0375 0.0375
0 0.11328125 0.01953125 0.0609375 0.0390625
0 0.1046875 0.2 0.0625 0.053125
0 0.05625 0.2203125 0.0375 0.0375
0 0.31484375 0.0234375 0.0390625 0.03125
0 0.328125 0.06875 0.034375 0.03125
0 0.4359375 0.08359375 0.059375 0.0578125
0 0.49296875 0.06953125 0.0734375 0.0703125
0 0.6734375 0.034375 0.05625 0.040625
0 0.7234375 0.02265625 0.0625 0.0453125
0 0.865625 0.10078125 0.05 0.0515625
0 0.9 0.0890625 0.0375 0.0375
0 0.5203125 0.21015625 0.08125 0.0578125
0 0.38203125 0.23203125 0.0390625 0.0359375
0 0.20546875 0.31875 0.0421875 0.04375
0 0.2390625 0.3109375 0.034375 0.040625
0 0.24453125 0.34765625 0.0578125 0.0421875
0 0.2234375 0.3828125 0.05 0.040625
0 0.46875 0.28984375 0.0375 0.0359375
0 0.915625 0.1625 0.065625 0.0375
0 0.86875 0.20703125 0.06875 0.0703125
0 0.9796875 0.15859375 0.040625 0.0546875
0 0.51796875 0.4171875 0.0703125 0.06875
0 0.58984375 0.36328125 0.0546875 0.0421875
0 0.6 0.3953125 0.05625 0.034375
0 0.7921875 0.50390625 0.065625 0.0609375
0 0.79453125 0.5421875 0.0703125 0.034375
0 0.7046875 0.64609375 0.08125 0.0671875
0 0.33515625 0.67890625 0.0765625 0.0703125
0 0.29609375 0.7078125 0.0796875 0.08125
0 0.446875 0.84609375 0.053125 0.0421875
0 0.38125 0.85703125 0.05 0.0453125
0 0.3359375 0.87734375 0.040625 0.0390625
0 0.27265625 0.9421875 0.0328125 0.028125
0 0.1921875 0.9234375 0.04375 0.034375
0 0.14453125 0.93515625 0.0453125 0.0328125
0 0.09765625 0.946875 0.0453125 0.04375
0 0.0453125 0.96484375 0.040625 0.0359375
0 0.1734375 0.9734375 0.04375 0.040625
0 0.5796875 0.984375 0.04375 0.03125
0 0.80703125 0.98671875 0.0578125 0.0265625
0 0.78046875 0.83515625 0.0484375 0.0484375
0 0.74140625 0.759375 0.0515625 0.0375
0 0.70859375 0.69453125 0.0796875 0.0609375
0 0.8328125 0.7125 0.0625 0.04375
0 0.76953125 0.7140625 0.0703125 0.06875
0 0.7421875 0.7578125 0.0625 0.040625
0 0.77421875 0.83359375 0.0546875 0.0484375
0 0.81171875 0.8671875 0.0671875 0.053125
0 0.21015625 0.54453125 0.0359375 0.0296875
0 0.15859375 0.55546875 0.0359375 0.0390625
0 0.08515625 0.57578125 0.0453125 0.0328125
0 0.04921875 0.590625 0.0546875 0.053125
0 0.98046875 0.88828125 0.0390625 0.0484375
0 0.97734375 0.83984375 0.0359375 0.0421875