0 0.2015625 0.1234375 0.075 0.065625
0 0.2515625 0.16328125 0.0375 0.0359375
0 0.34765625 0.19375 0.0453125 0.0375
0 0.375 0.209375 0.034375 0.04375
0 0.4171875 0.228125 0.04375 0.0375
0 0.50390625 0.2796875 0.0421875 0.0375
0 0.56875 0.3171875 0.04375 0.04375
0 0.62734375 0.3375 0.0515625 0.04375
0 0.2484375 0.16640625 0.05625 0.0484375
0 0.046875 0.178125 0.05 0.0625
0 0.09375 0.19296875 0.053125 0.0453125
0 0.13359375 0.19609375 0.0546875 0.0484375
0 0.225 0.21953125 0.05 0.0359375
0 0.2359375 0.2609375 0.05625 0.053125
0 0.19453125 0.28515625 0.0984375 0.0609375
0 0.178125 0.3265625 0.09375 0.040625
0 0.17109375 0.36484375 0.0796875 0.0765625
0 0.5 0.0625 0.065625 0.071875
0 0.55078125 0.06171875 0.0734375 0.0765625
0 0.60234375 0.02421875 0.0796875 0.0484375
0 0.75625 0.02734375 0.053125 0.0453125
0 0.79921875 0.01796875 0.0578125 0.0359375
0 0.97421875 0.0421875 0.0515625 0.053125
0 0.96171875 0.08515625 0.0671875 0.0546875
0 0.940625 0.109375 0.071875 0.05
0 0.775 0.0765625 0.053125 0.065625
0 0.75234375 0.14296875 0.0796875 0.0828125
0 0.66015625 0.11171875 0.0453125 0.0578125
0 0.62109375 0.14609375 0.0859375 0.0890625
0 0.8578125 0.29453125 0.04375 0.0546875
0 0.8390625 0.32421875 0.04375 0.0546875
0 0.7625 0.46328125 0.084375 0.0890625
0 0.71015625 0.5515625 0.0515625 0.059375
0 0.759375 0.61640625 0.0625 0.0671875
0 0.67421875 0.6203125 0.0703125 0.059375
0 0.61171875 0.703125 0.1109375 0.096875
0 0.64921875 0.665625 0.0640625 0.053125
0 0.69140625 0.72578125 0.0828125 0.0671875
0 0.56015625 0.88671875 0.1140625 0.1203125
0 0.39921875 0.9359375 0.1140625 0.128125
0 0.09921875 0.77890625 0.0484375 0.0421875
0 0.18125 0.6203125 0.071875 0.06875
0 0.1296875 0.8015625 0.034375 0.03125
0 0.1671875 0.8328125 0.04375 0.0375
0 0.2015625 0.853125 0.03125 0.03125
0 0.2578125 0.8921875 0.040625 0.053125
0 0.3125 0.9078125 0.075 0.071875
0 0.634375 0.81953125 0.040625 0.0578125
0 0.546875 0.75625 0.121875 0.153125
0 0.5875 0.6109375 0.04375 0.040625