0 0.03125 0.02421875 0.0625 0.0484375
0 0.165625 0.0203125 0.07421875 0.040625
0 0.06875 0.08984375 0.07109375 0.059375
0 0.12109375 0.08046875 0.07265625 0.05
0 0.0234375 0.2015625 0.046875 0.09453125
0 0.06640625 0.24296875 0.06328125 0.06796875
0 0.31875 0.03828125 0.0453125 0.0421875
0 0.28671875 0.07265625 0.0484375 0.0375
0 0.25078125 0.1046875 0.0578125 0.0484375
0 0.23125 0.1359375 0.06328125 0.0453125
0 0.18984375 0.1609375 0.07109375 0.0515625
0 0.2078125 0.203125 0.06953125 0.05625
0 0.1765625 0.2359375 0.0453125 0.0375
0 0.115625 0.74140625 0.08359375 0.08046875
0 0.16796875 0.75078125 0.040625 0.0390625
0 0.18671875 0.7328125 0.04375 0.053125
0 0.0953125 0.8921875 0.0578125 0.0453125
0 0.2765625 0.66640625 0.06328125 0.053125
0 0.28125 0.56171875 0.059375 0.0578125
0 0.334375 0.43125 0.06484375 0.0453125
0 0.34453125 0.4859375 0.09453125 0.08515625
0 0.46015625 0.42265625 0.0453125 0.0375
0 0.50390625 0.34140625 0.0546875 0.05
0 0.5640625 0.303125 0.0453125 0.053125
0 0.61953125 0.27734375 0.0375 0.0453125
0 0.6578125 0.2515625 0.0359375 0.03125
0 0.6984375 0.28515625 0.059375 0.0546875
0 0.61171875 0.33671875 0.0375 0.034375
0 0.58359375 0.3484375 0.04375 0.0359375
0 0.96796875 0.4390625 0.0640625 0.08125
0 0.93828125 0.48984375 0.0546875 0.07109375
0 0.97890625 0.5015625 0.0421875 0.08515625
0 0.95859375 0.59140625 0.0609375 0.06640625
0 0.9078125 0.62265625 0.08046875 0.06328125
0 0.92265625 0.6671875 0.05 0.0515625
0 0.965625 0.69609375 0.053125 0.07734375
0 0.44296875 0.61015625 0.0484375 0.040625
0 0.6421875 0.44375 0.0453125 0.040625
0 0.6734375 0.45859375 0.0578125 0.0421875
0 0.325 0.91796875 0.06484375 0.06640625
0 0.396875 0.86484375 0.0484375 0.05
0 0.4546875 0.95546875 0.05625 0.0484375
0 0.475 0.98515625 0.04375 0.0296875
0 0.521875 0.87890625 0.09765625 0.06953125
0 0.53359375 0.93671875 0.08046875 0.07265625
0 0.59921875 0.840625 0.06640625 0.07421875
0 0.64609375 0.8625 0.09453125 0.07421875
0 0.61328125 0.89765625 0.09453125 0.059375
0 0.6328125 0.71875 0.08359375 0.09453125
0 0.78359375 0.509375 0.0453125 0.040625
0 0.97265625 0.809375 0.0546875 0.10390625
0 0.74296875 0.721875 0.0546875 0.06640625
0 0.79140625 0.70078125 0.0609375 0.06796875
0 0.803125 0.734375 0.11328125 0.05
0 0.8484375 0.77734375 0.11484375 0.0609375
0 0.7140625 0.77265625 0.06953125 0.07109375
0 0.734375 0.8015625 0.05625 0.040625
0 0.7453125 0.840625 0.06640625 0.11171875
0 0.8375 0.81953125 0.09921875 0.09765625
0 0.81796875 0.89765625 0.07265625 0.059375
0 0.7984375 0.8421875 0.06640625 0.09296875
0 0.89453125 0.96640625 0.0890625 0.0671875
0 0.95625 0.95859375 0.0875 0.0828125