0 0.9703125 0.04609375 0.059375 0.06484375
0 0.921875 0.0359375 0.078125 0.0546875
0 0.9734375 0.2125 0.053125 0.0734375
0 0.70703125 0.00703125 0.04921875 0.01328125
0 0.74140625 0.02734375 0.053125 0.040625
0 0.78046875 0.0625 0.06328125 0.053125
0 0.80234375 0.09609375 0.06796875 0.04921875
0 0.84765625 0.1234375 0.0765625 0.05625
0 0.82734375 0.16875 0.075 0.06171875
0 0.8609375 0.2046875 0.04921875 0.040625
0 0.92734375 0.753125 0.090625 0.08671875
0 0.8703125 0.76328125 0.04453125 0.04296875
0 0.85 0.74375 0.04765625 0.0578125
0 0.95 0.9171875 0.06328125 0.04921875
0 0.75234375 0.67265625 0.06796875 0.0578125
0 0.74765625 0.55859375 0.06484375 0.06328125
0 0.690625 0.4171875 0.0703125 0.04921875
0 0.67890625 0.47578125 0.10234375 0.0921875
0 0.55390625 0.4078125 0.04921875 0.040625
0 0.50625 0.31875 0.059375 0.0546875
0 0.44140625 0.278125 0.04921875 0.0578125
0 0.38046875 0.25 0.040625 0.04921875
0 0.3390625 0.221875 0.0390625 0.034375
0 0.2953125 0.25859375 0.06484375 0.059375
0 0.3890625 0.3140625 0.040625 0.0375
0 0.41953125 0.3265625 0.04765625 0.0390625
0 0.01796875 0.42578125 0.0359375 0.08671875
0 0.03515625 0.48046875 0.059375 0.0765625
0 0.00703125 0.49296875 0.01328125 0.0921875
0 0.0234375 0.590625 0.046875 0.071875
0 0.0671875 0.62421875 0.08671875 0.06796875
0 0.0515625 0.6734375 0.0546875 0.05625
0 0.0171875 0.70390625 0.034375 0.08359375
0 0.57265625 0.6109375 0.053125 0.04453125
0 0.35546875 0.4296875 0.04921875 0.04453125
0 0.321875 0.44609375 0.06328125 0.04609375
0 0.70078125 0.9453125 0.0703125 0.071875
0 0.621875 0.8875 0.053125 0.0546875
0 0.559375 0.9796875 0.06171875 0.040625
0 0.48671875 0.90234375 0.10546875 0.075
0 0.4734375 0.96328125 0.08671875 0.0734375
0 0.40234375 0.8609375 0.071875 0.08046875
0 0.3515625 0.88515625 0.10234375 0.08046875
0 0.3875 0.9234375 0.10234375 0.06484375
0 0.36640625 0.72890625 0.090625 0.10234375
0 0.20234375 0.5015625 0.04921875 0.04453125
0 0.0140625 0.8265625 0.028125 0.1125
0 0.246875 0.73203125 0.059375 0.071875
0 0.19375 0.709375 0.06640625 0.0734375
0 0.18125 0.74609375 0.12265625 0.0546875
0 0.13203125 0.79296875 0.12421875 0.06640625
0 0.278125 0.7875 0.075 0.0765625
0 0.25625 0.81875 0.06171875 0.04453125
0 0.24375 0.8609375 0.071875 0.12109375
0 0.14453125 0.8375 0.1078125 0.10546875
0 0.165625 0.9234375 0.078125 0.06484375
0 0.1859375 0.8625 0.071875 0.10078125
0 0.08125 0.98125 0.09765625 0.0375
0 0.03125 0.97265625 0.0625 0.0546875