0 0.115625 0.40234375 0.059375 0.0609375
0 0.08984375 0.71484375 0.0796875 0.0921875
0 0.025 0.85625 0.05 0.084375
0 0.01796875 0.78359375 0.0359375 0.0703125
0 0.06640625 0.790625 0.0390625 0.05625
0 0.18828125 0.8140625 0.0671875 0.059375
0 0.22421875 0.771875 0.0484375 0.06875
0 0.26328125 0.79296875 0.0453125 0.0703125
0 0.4859375 0.85234375 0.059375 0.0671875
0 0.54140625 0.0265625 0.0484375 0.053125
0 0.59609375 0.04296875 0.0578125 0.0703125
0 0.6515625 0.078125 0.04375 0.059375
0 0.6828125 0.10234375 0.04375 0.0546875
0 0.859375 0.10625 0.040625 0.053125
0 0.89921875 0.0765625 0.0515625 0.053125
0 0.9625 0.11875 0.075 0.06875
0 0.4515625 0.109375 0.103125 0.0875
0 0.4859375 0.16015625 0.071875 0.0640625
0 0.52421875 0.1765625 0.0859375 0.103125
0 0.571875 0.19609375 0.059375 0.0828125
0 0.6515625 0.19296875 0.115625 0.0984375
0 0.6234375 0.24375 0.075 0.0625
0 0.728125 0.49609375 0.075 0.0734375
0 0.71015625 0.534375 0.0703125 0.0625
0 0.84609375 0.42109375 0.0484375 0.0765625
0 0.8953125 0.43515625 0.09375 0.0703125
0 0.27265625 0.43828125 0.0703125 0.0671875
0 0.22578125 0.4671875 0.0765625 0.065625
0 0.19921875 0.5203125 0.0640625 0.034375
0 0.75703125 0.5765625 0.0578125 0.053125
0 0.81640625 0.5640625 0.0671875 0.065625
0 0.9078125 0.59140625 0.096875 0.1171875
0 0.946875 0.65625 0.03125 0.04375
0 0.84453125 0.6421875 0.0359375 0.053125
0 0.93515625 0.7046875 0.0328125 0.0375
0 0.89296875 0.69453125 0.0515625 0.0546875
0 0.859375 0.728125 0.05 0.0375
0 0.83671875 0.765625 0.0703125 0.05625
0 0.89765625 0.821875 0.0421875 0.05
0 0.9671875 0.85703125 0.05625 0.0578125
0 0.7015625 0.8578125 0.053125 0.071875
0 0.57109375 0.68984375 0.0328125 0.0765625
0 0.6 0.71640625 0.04375 0.0703125
0 0.62109375 0.7453125 0.0421875 0.065625
0 0.54296875 0.89296875 0.0421875 0.0484375
0 0.2046875 0.88359375 0.125 0.1140625
0 0.14296875 0.959375 0.0609375 0.06875
0 0.27421875 0.9171875 0.1265625 0.08125
0 0.3625 0.97578125 0.134375 0.0484375
0 0.72734375 0.96875 0.0515625 0.0625
0 0.77734375 0.86328125 0.0453125 0.0484375
0 0.871875 0.93515625 0.084375 0.0828125
0 0.9328125 0.925 0.04375 0.040625
0 0.13359375 0.03828125 0.0234375 0.0265625
0 0.95390625 0.971875 0.0703125 0.05625
0 0.5828125 0.3078125 0.053125 0.05625
0 0.06953125 0.54296875 0.0671875 0.0796875