0 0.11484375 0.5984375 0.059375 0.0609375
0 0.0890625 0.28359375 0.08046875 0.09296875
0 0.02421875 0.14140625 0.0484375 0.08515625
0 0.0171875 0.21484375 0.034375 0.07109375
0 0.065625 0.2078125 0.0390625 0.05625
0 0.18828125 0.18359375 0.06796875 0.059375
0 0.22421875 0.2265625 0.0484375 0.06953125
0 0.26328125 0.20546875 0.0453125 0.07109375
0 0.4875 0.1453125 0.059375 0.06796875
0 0.54296875 0.975 0.0484375 0.05
0 0.5984375 0.96015625 0.0578125 0.07109375
0 0.65390625 0.92421875 0.04375 0.059375
0 0.68515625 0.9 0.04375 0.0546875
0 0.86328125 0.89609375 0.040625 0.053125
0 0.903125 0.92578125 0.0515625 0.053125
0 0.9640625 0.884375 0.071875 0.06875
0 0.453125 0.89296875 0.10390625 0.08828125
0 0.4875 0.8421875 0.07265625 0.06484375
0 0.52578125 0.82578125 0.08671875 0.10390625
0 0.57421875 0.80546875 0.059375 0.08359375
0 0.65390625 0.80859375 0.11640625 0.09921875
0 0.62578125 0.7578125 0.07578125 0.06328125
0 0.73125 0.50390625 0.07578125 0.07421875
0 0.71328125 0.465625 0.07109375 0.06328125
0 0.85 0.5796875 0.0484375 0.07734375
0 0.89921875 0.565625 0.09453125 0.07109375
0 0.27265625 0.56171875 0.07109375 0.06796875
0 0.22578125 0.5328125 0.07734375 0.06640625
0 0.19921875 0.4796875 0.06484375 0.034375
0 0.76015625 0.42265625 0.0578125 0.053125
0 0.8203125 0.43515625 0.06796875 0.06640625
0 0.91171875 0.4078125 0.09765625 0.11796875
0 0.9515625 0.34296875 0.03125 0.04375
0 0.8484375 0.35703125 0.0359375 0.053125
0 0.93984375 0.29375 0.0328125 0.0375
0 0.896875 0.30390625 0.0515625 0.0546875
0 0.86328125 0.2703125 0.05 0.0375
0 0.840625 0.2328125 0.07109375 0.05625
0 0.9015625 0.17578125 0.0421875 0.05
0 0.971875 0.140625 0.05625 0.0578125
0 0.7046875 0.13984375 0.053125 0.07265625
0 0.5734375 0.30859375 0.0328125 0.07734375
0 0.60234375 0.28203125 0.04375 0.07109375
0 0.6234375 0.253125 0.0421875 0.06640625
0 0.54453125 0.1046875 0.0421875 0.0484375
0 0.2046875 0.1140625 0.12578125 0.11484375
0 0.1421875 0.0375 0.0609375 0.06953125
0 0.27421875 0.08046875 0.12734375 0.08203125
0 0.36328125 0.02265625 0.13515625 0.0453125
0 0.73046875 0.0296875 0.0515625 0.059375
0 0.78046875 0.134375 0.0453125 0.0484375
0 0.87578125 0.06171875 0.08515625 0.08359375
0 0.93671875 0.07265625 0.04375 0.040625
0 0.1328125 0.96484375 0.0234375 0.0265625
0 0.95859375 0.0265625 0.07109375 0.053125
0 0.58515625 0.69375 0.053125 0.05625
0 0.06875 0.45703125 0.06796875 0.08046875