0 0.0328125 0.02421875 0.065625 0.0484375
0 0.16796875 0.0203125 0.0734375 0.040625
0 0.07109375 0.0890625 0.0703125 0.059375
0 0.1234375 0.0796875 0.071875 0.05
0 0.025 0.2 0.05 0.09375
0 0.06875 0.24140625 0.0625 0.0671875
0 0.31953125 0.03828125 0.0453125 0.0421875
0 0.28828125 0.071875 0.0484375 0.0375
0 0.25234375 0.10390625 0.0578125 0.0484375
0 0.2328125 0.13515625 0.0625 0.0453125
0 0.19140625 0.16015625 0.0703125 0.0515625
0 0.209375 0.2015625 0.06875 0.05625
0 0.17890625 0.234375 0.0453125 0.0375
0 0.11796875 0.73671875 0.0828125 0.0796875
0 0.1703125 0.74609375 0.040625 0.0390625
0 0.1890625 0.728125 0.04375 0.053125
0 0.09765625 0.88671875 0.0578125 0.0453125
0 0.278125 0.6625 0.0625 0.053125
0 0.2828125 0.55859375 0.059375 0.0578125
0 0.33515625 0.42890625 0.0640625 0.0453125
0 0.3453125 0.4828125 0.09375 0.084375
0 0.46015625 0.4203125 0.0453125 0.0375
0 0.50390625 0.3390625 0.0546875 0.05
0 0.56328125 0.3015625 0.0453125 0.053125
0 0.61875 0.27578125 0.0375 0.0453125
0 0.65703125 0.25 0.0359375 0.03125
0 0.696875 0.28359375 0.059375 0.0546875
0 0.6109375 0.334375 0.0375 0.034375
0 0.5828125 0.34609375 0.04375 0.0359375
0 0.9671875 0.43671875 0.065625 0.0796875
0 0.93515625 0.48671875 0.0546875 0.0703125
0 0.97734375 0.4984375 0.0453125 0.084375
0 0.95546875 0.5875 0.0609375 0.065625
0 0.90546875 0.61875 0.0796875 0.0625
0 0.9203125 0.66328125 0.05 0.0515625
0 0.9625 0.69140625 0.053125 0.0765625
0 0.44296875 0.60625 0.0484375 0.040625
0 0.64140625 0.440625 0.0453125 0.040625
0 0.67265625 0.45546875 0.0578125 0.0421875
0 0.32578125 0.9125 0.0640625 0.065625
0 0.39765625 0.859375 0.0484375 0.05
0 0.4546875 0.94921875 0.05625 0.0484375
0 0.475 0.98203125 0.04375 0.0359375
0 0.521875 0.8734375 0.096875 0.06875
0 0.53359375 0.93125 0.0796875 0.071875
0 0.5984375 0.83515625 0.065625 0.0734375
0 0.6453125 0.85703125 0.09375 0.0734375
0 0.6125 0.8921875 0.09375 0.059375
0 0.63203125 0.7140625 0.0828125 0.09375
0 0.78203125 0.50625 0.0453125 0.040625
0 0.97109375 0.8046875 0.0578125 0.103125
0 0.74140625 0.7171875 0.0546875 0.065625
0 0.78984375 0.69609375 0.0609375 0.0671875
0 0.8015625 0.7296875 0.1125 0.05
0 0.84609375 0.77265625 0.1140625 0.0609375
0 0.7125 0.76796875 0.06875 0.0703125
0 0.7328125 0.796875 0.05625 0.040625
0 0.74375 0.83515625 0.065625 0.1109375
0 0.83515625 0.8140625 0.0984375 0.096875
0 0.815625 0.8921875 0.071875 0.059375
0 0.796875 0.83671875 0.065625 0.0921875
0 0.89296875 0.9640625 0.0890625 0.071875
0 0.95390625 0.95625 0.0859375 0.0875