0 0.884375 0.59765625 0.059375 0.0609375
0 0.91015625 0.28515625 0.0796875 0.0921875
0 0.975 0.14375 0.05 0.084375
0 0.98203125 0.21640625 0.0359375 0.0703125
0 0.93359375 0.209375 0.0390625 0.05625
0 0.81171875 0.1859375 0.0671875 0.059375
0 0.77578125 0.228125 0.0484375 0.06875
0 0.73671875 0.20703125 0.0453125 0.0703125
0 0.5140625 0.14765625 0.059375 0.0671875
0 0.45859375 0.9734375 0.0484375 0.053125
0 0.40390625 0.95703125 0.0578125 0.0703125
0 0.3484375 0.921875 0.04375 0.059375
0 0.3171875 0.89765625 0.04375 0.0546875
0 0.140625 0.89375 0.040625 0.053125
0 0.10078125 0.9234375 0.0515625 0.053125
0 0.0375 0.88125 0.075 0.06875
0 0.5484375 0.890625 0.103125 0.0875
0 0.5140625 0.83984375 0.071875 0.0640625
0 0.47578125 0.8234375 0.0859375 0.103125
0 0.428125 0.80390625 0.059375 0.0828125
0 0.3484375 0.80703125 0.115625 0.0984375
0 0.3765625 0.75625 0.075 0.0625
0 0.271875 0.50390625 0.075 0.0734375
0 0.28984375 0.465625 0.0703125 0.0625
0 0.15390625 0.57890625 0.0484375 0.0765625
0 0.1046875 0.56484375 0.09375 0.0703125
0 0.72734375 0.56171875 0.0703125 0.0671875
0 0.77421875 0.5328125 0.0765625 0.065625
0 0.80078125 0.4796875 0.0640625 0.034375
0 0.24296875 0.4234375 0.0578125 0.053125
0 0.18359375 0.4359375 0.0671875 0.065625
0 0.0921875 0.40859375 0.096875 0.1171875
0 0.053125 0.34375 0.03125 0.04375
0 0.15546875 0.3578125 0.0359375 0.053125
0 0.06484375 0.2953125 0.0328125 0.0375
0 0.10703125 0.30546875 0.0515625 0.0546875
0 0.140625 0.271875 0.05 0.0375
0 0.16328125 0.234375 0.0703125 0.05625
0 0.10234375 0.178125 0.0421875 0.05
0 0.0328125 0.14296875 0.05625 0.0578125
0 0.2984375 0.1421875 0.053125 0.071875
0 0.42890625 0.31015625 0.0328125 0.0765625
0 0.4 0.28359375 0.04375 0.0703125
0 0.37890625 0.2546875 0.0421875 0.065625
0 0.45703125 0.10703125 0.0421875 0.0484375
0 0.7953125 0.11640625 0.125 0.1140625
0 0.85703125 0.040625 0.0609375 0.06875
0 0.72578125 0.0828125 0.1265625 0.08125
0 0.6375 0.02421875 0.134375 0.0484375
0 0.27265625 0.03125 0.0515625 0.0625
0 0.22265625 0.13671875 0.0453125 0.0484375
0 0.128125 0.06484375 0.084375 0.0828125
0 0.0671875 0.075 0.04375 0.040625
0 0.86640625 0.96171875 0.0234375 0.0265625
0 0.04609375 0.028125 0.0703125 0.05625
0 0.4171875 0.6921875 0.053125 0.05625
0 0.93046875 0.45703125 0.0671875 0.0796875