0 0.84453125 0.915625 0.08125 0.07109375
0 0.790625 0.87265625 0.040625 0.0390625
0 0.68671875 0.83984375 0.04921875 0.040625
0 0.65703125 0.82265625 0.0375 0.04765625
0 0.61171875 0.80234375 0.04765625 0.040625
0 0.51796875 0.746875 0.0453125 0.040625
0 0.44765625 0.70625 0.04765625 0.04765625
0 0.384375 0.684375 0.05546875 0.04765625
0 0.79375 0.86875 0.0609375 0.05234375
0 0.9921875 0.85625 0.01484375 0.0671875
0 0.9609375 0.840625 0.0578125 0.04921875
0 0.91796875 0.83671875 0.059375 0.05234375
0 0.81953125 0.81171875 0.05390625 0.0390625
0 0.8078125 0.7671875 0.0609375 0.0578125
0 0.85234375 0.740625 0.10625 0.065625
0 0.8703125 0.69609375 0.1015625 0.04375
0 0.87734375 0.6546875 0.0859375 0.0828125
0 0.521875 0.97109375 0.07109375 0.0578125
0 0.4671875 0.9703125 0.0796875 0.059375
0 0.01875 0.9875 0.0375 0.025
0 0.0296875 0.95703125 0.059375 0.059375
0 0.0453125 0.93046875 0.07734375 0.05390625
0 0.22578125 0.965625 0.0578125 0.06875
0 0.24921875 0.89453125 0.0859375 0.08984375
0 0.3484375 0.928125 0.04921875 0.0625
0 0.39140625 0.89140625 0.09296875 0.09609375
0 0.13515625 0.73046875 0.04765625 0.059375
0 0.15546875 0.6984375 0.04765625 0.059375
0 0.23828125 0.5484375 0.09140625 0.09609375
0 0.29453125 0.45234375 0.05546875 0.0640625
0 0.24140625 0.3828125 0.0671875 0.07265625
0 0.33359375 0.378125 0.07578125 0.0640625
0 0.4015625 0.2890625 0.1203125 0.1046875
0 0.3609375 0.3296875 0.06953125 0.0578125
0 0.31484375 0.2640625 0.08984375 0.07265625
0 0.45703125 0.090625 0.1234375 0.1296875
0 0.63125 0.053125 0.1234375 0.10625
0 0.95546875 0.20703125 0.05234375 0.0453125
0 0.86640625 0.378125 0.07734375 0.07421875
0 0.92265625 0.1828125 0.0375 0.03359375
0 0.88203125 0.1484375 0.04765625 0.040625
0 0.84453125 0.1265625 0.03359375 0.03359375
0 0.78359375 0.084375 0.04375 0.0578125
0 0.725 0.0671875 0.08125 0.07734375
0 0.3765625 0.16328125 0.04375 0.0625
0 0.47109375 0.23125 0.13203125 0.165625
0 0.42734375 0.38828125 0.04765625 0.04375