0 0.8296875 0.12578125 0.078125 0.06875
0 0.778125 0.1671875 0.0390625 0.0375
0 0.67734375 0.19921875 0.04765625 0.0390625
0 0.6484375 0.215625 0.0359375 0.04609375
0 0.6046875 0.23515625 0.04609375 0.0390625
0 0.5140625 0.2890625 0.04375 0.0390625
0 0.44609375 0.328125 0.04609375 0.04609375
0 0.38515625 0.35 0.05390625 0.04609375
0 0.78125 0.17109375 0.05859375 0.05078125
0 0.9828125 0.1828125 0.034375 0.065625
0 0.94296875 0.1984375 0.05546875 0.04765625
0 0.90078125 0.2015625 0.05703125 0.05078125
0 0.80546875 0.2265625 0.05234375 0.0375
0 0.79375 0.26953125 0.05859375 0.05546875
0 0.8375 0.2953125 0.103125 0.0640625
0 0.8546875 0.33828125 0.09765625 0.0421875
0 0.86171875 0.378125 0.08359375 0.0796875
0 0.51796875 0.06171875 0.06875 0.075
0 0.46484375 0.0609375 0.0765625 0.0796875
0 0.41171875 0.0234375 0.0828125 0.046875
0 0.25 0.025 0.05546875 0.04765625
0 0.2046875 0.0171875 0.06015625 0.034375
0 0.025 0.03984375 0.05 0.0546875
0 0.03515625 0.0859375 0.0703125 0.05703125
0 0.05703125 0.1109375 0.075 0.05234375
0 0.23046875 0.0765625 0.05546875 0.06875
0 0.25390625 0.14609375 0.08359375 0.08671875
0 0.35078125 0.11328125 0.04765625 0.06015625
0 0.39140625 0.14921875 0.08984375 0.09296875
0 0.14375 0.3046875 0.04609375 0.05703125
0 0.16328125 0.3359375 0.04609375 0.05703125
0 0.24375 0.48125 0.08828125 0.09296875
0 0.2984375 0.5734375 0.05390625 0.06171875
0 0.246875 0.64140625 0.065625 0.0703125
0 0.3359375 0.6453125 0.0734375 0.06171875
0 0.40078125 0.73203125 0.115625 0.1015625
0 0.36171875 0.69296875 0.0671875 0.05546875
0 0.31796875 0.75546875 0.08671875 0.0703125
0 0.4546875 0.92421875 0.11953125 0.12578125
0 0.6234375 0.95390625 0.11953125 0.09140625
0 0.93671875 0.8109375 0.05078125 0.04375
0 0.8515625 0.6453125 0.075 0.071875
0 0.90546875 0.83515625 0.0359375 0.0328125
0 0.865625 0.86796875 0.04609375 0.0390625
0 0.8296875 0.8890625 0.0328125 0.0328125
0 0.77109375 0.9296875 0.0421875 0.05546875
0 0.7140625 0.94609375 0.078125 0.075
0 0.37734375 0.85390625 0.0421875 0.06015625
0 0.46875 0.7875 0.12734375 0.16015625
0 0.4265625 0.6359375 0.04609375 0.0421875