0 0.125 0.89296875 0.1296875 0.1296875
0 0.30546875 0.97890625 0.09140625 0.04140625
0 0.3890625 0.97734375 0.1015625 0.0453125
0 0.50390625 0.97890625 0.09140625 0.04140625
0 0.3828125 0.921875 0.11171875 0.10703125
0 0.46953125 0.91484375 0.1046875 0.11015625
0 0.46484375 0.82734375 0.10703125 0.0984375
0 0.58203125 0.925 0.11015625 0.1
0 0.6734375 0.9265625 0.103125 0.0796875
0 0.85859375 0.89765625 0.1234375 0.11796875
0 0.9671875 0.9609375 0.06484375 0.078125
0 0.95390625 0.9046875 0.06171875 0.05703125
0 0.23203125 0.85859375 0.11015625 0.1203125
0 0.11796875 0.7984375 0.0734375 0.08984375
0 0.1734375 0.746875 0.11328125 0.1296875
0 0.3234375 0.7859375 0.08984375 0.08828125
0 0.22734375 0.70546875 0.0546875 0.06796875
0 0.28984375 0.71484375 0.08671875 0.09296875
0 0.65390625 0.85078125 0.09140625 0.08828125
0 0.56328125 0.81640625 0.096875 0.1
0 0.7828125 0.8453125 0.09140625 0.08984375
0 0.7375 0.78828125 0.121875 0.11328125
0 0.5609375 0.72890625 0.11796875 0.10859375
0 0.83671875 0.74453125 0.13671875 0.11484375
0 0.965625 0.8328125 0.06796875 0.10859375
0 0.9609375 0.7578125 0.078125 0.11171875
0 0.98203125 0.71484375 0.0359375 0.0953125
0 0.00859375 0.55078125 0.01640625 0.23203125
0 0.02890625 0.08671875 0.0578125 0.1328125
0 0.07890625 0.03515625 0.06484375 0.0703125
0 0.14296875 0.10078125 0.08671875 0.09140625
0 0.22734375 0.1046875 0.08515625 0.1
0 0.2171875 0.0140625 0.0953125 0.028125
0 0.37421875 0.55546875 0.08515625 0.08203125
0 0.32109375 0.51484375 0.078125 0.0765625
0 0.29296875 0.42890625 0.08671875 0.1046875
0 0.45703125 0.48671875 0.06640625 0.06328125
0 0.41484375 0.509375 0.0796875 0.08515625
0 0.39140625 0.43203125 0.14296875 0.11328125
0 0.625 0.6578125 0.1 0.1046875
0 0.72109375 0.6765625 0.11171875 0.11015625
0 0.91015625 0.6609375 0.096875 0.11796875
0 0.784375 0.61484375 0.0984375 0.09296875
0 0.68515625 0.57265625 0.11015625 0.1015625
0 0.76953125 0.5046875 0.1046875 0.1234375
0 0.421875 0.2265625 0.08984375 0.103125
0 0.3796875 0.07421875 0.0765625 0.06796875
0 0.4375 0.1375 0.06796875 0.071875
0 0.465625 0.075 0.09140625 0.0734375
0 0.4828125 0.2546875 0.075 0.06640625
0 0.50078125 0.19296875 0.08515625 0.0734375
0 0.55078125 0.246875 0.08515625 0.0796875
0 0.6015625 0.31640625 0.09296875 0.0796875
0 0.703125 0.34609375 0.1234375 0.11796875
0 0.846875 0.434375 0.0796875 0.1046875
0 0.94453125 0.50078125 0.071875 0.06484375
0 0.934375 0.43359375 0.09140625 0.08984375
0 0.97734375 0.29609375 0.0453125 0.075
0 0.7875 0.2546875 0.128125 0.11015625
0 0.6453125 0.25 0.1234375 0.096875
0 0.54921875 0.1109375 0.08828125 0.075
0 0.5375 0.04609375 0.10859375 0.09140625
0 0.4796875 0.021875 0.20703125 0.04296875
0 0.6109375 0.15546875 0.078125 0.08828125
0 0.684375 0.1984375 0.0953125 0.0734375
0 0.771875 0.20234375 0.13359375 0.08515625
0 0.9078125 0.2046875 0.13828125 0.08984375
0 0.946875 0.134375 0.06640625 0.071875
0 0.81015625 0.16015625 0.1 0.06640625
0 0.72734375 0.1265625 0.1015625 0.096875
0 0.61015625 0.09453125 0.0703125 0.06484375
0 0.6734375 0.08671875 0.09296875 0.09296875
0 0.62265625 0.04375 0.0765625 0.0875
0 0.715625 0.0484375 0.08203125 0.096875
0 0.78203125 0.02421875 0.08671875 0.0484375
0 0.8796875 0.1078125 0.09296875 0.11484375
0 0.975 0.09453125 0.05 0.10859375
0 0.8984375 0.0359375 0.10703125 0.071875
0 0.80390625 0.08046875 0.11484375 0.128125