0 0.15625 0.1453125 0.121875 0.121875
0 0.32578125 0.0421875 0.0859375 0.084375
0 0.40390625 0.0453125 0.0953125 0.084375
0 0.51171875 0.0421875 0.0859375 0.084375
0 0.39765625 0.11875 0.1046875 0.1
0 0.47890625 0.125 0.0984375 0.103125
0 0.475 0.20703125 0.1 0.0921875
0 0.584375 0.115625 0.103125 0.09375
0 0.6703125 0.1140625 0.096875 0.075
0 0.84375 0.14140625 0.115625 0.1109375
0 0.9578125 0.06953125 0.084375 0.0984375
0 0.93359375 0.134375 0.0578125 0.053125
0 0.25625 0.178125 0.103125 0.1125
0 0.15 0.234375 0.06875 0.084375
0 0.2015625 0.2828125 0.10625 0.121875
0 0.3421875 0.24609375 0.084375 0.0828125
0 0.25234375 0.32109375 0.0515625 0.0640625
0 0.3109375 0.3125 0.08125 0.0875
0 0.65234375 0.18515625 0.0859375 0.0828125
0 0.5671875 0.2171875 0.090625 0.09375
0 0.77265625 0.190625 0.0859375 0.084375
0 0.73046875 0.24375 0.1140625 0.10625
0 0.56484375 0.29921875 0.1109375 0.1015625
0 0.8234375 0.28515625 0.128125 0.1078125
0 0.95625 0.20234375 0.0875 0.1015625
0 0.94296875 0.27265625 0.0796875 0.1046875
0 0.97109375 0.31328125 0.0546875 0.0890625
0 0.02734375 0.46640625 0.0546875 0.2171875
0 0.0203125 0.68359375 0.040625 0.0765625
0 0.046875 0.90234375 0.09375 0.1234375
0 0.11328125 0.95703125 0.0609375 0.0796875
0 0.1734375 0.88828125 0.08125 0.0859375
0 0.25234375 0.884375 0.0796875 0.09375
0 0.24296875 0.978125 0.0890625 0.04375
0 0.38984375 0.46171875 0.0796875 0.0765625
0 0.33984375 0.5 0.0734375 0.071875
0 0.3140625 0.58046875 0.08125 0.0984375
0 0.4671875 0.5265625 0.0625 0.059375
0 0.428125 0.50546875 0.075 0.0796875
0 0.40625 0.578125 0.134375 0.10625
0 0.625 0.36640625 0.09375 0.0984375
0 0.71484375 0.3484375 0.1046875 0.103125
0 0.8921875 0.36328125 0.090625 0.1109375
0 0.77421875 0.40625 0.0921875 0.0875
0 0.68125 0.44609375 0.103125 0.0953125
0 0.76015625 0.509375 0.0984375 0.115625
0 0.434375 0.7703125 0.084375 0.096875
0 0.3953125 0.91328125 0.071875 0.0640625
0 0.44921875 0.85390625 0.0640625 0.0671875
0 0.47578125 0.9125 0.0859375 0.06875
0 0.49140625 0.74375 0.0703125 0.0625
0 0.50859375 0.8015625 0.0796875 0.06875
0 0.55546875 0.7515625 0.0796875 0.075
0 0.603125 0.6859375 0.0875 0.075
0 0.6984375 0.65859375 0.115625 0.1109375
0 0.8328125 0.57578125 0.075 0.0984375
0 0.92421875 0.51328125 0.0671875 0.0609375
0 0.91484375 0.5765625 0.0859375 0.084375
0 0.9671875 0.70546875 0.065625 0.0703125
0 0.77734375 0.74375 0.1203125 0.103125
0 0.64375 0.7484375 0.115625 0.090625
0 0.55390625 0.87890625 0.0828125 0.0703125
0 0.54296875 0.94375 0.1015625 0.09375
0 0.4890625 0.97109375 0.19375 0.0578125
0 0.61171875 0.83671875 0.0734375 0.0828125
0 0.68046875 0.796875 0.0890625 0.06875
0 0.7625 0.79296875 0.125 0.0796875
0 0.88984375 0.790625 0.1296875 0.084375
0 0.9265625 0.85703125 0.0625 0.0671875
0 0.7984375 0.8328125 0.09375 0.0625
0 0.72109375 0.8640625 0.0953125 0.090625
0 0.6109375 0.89453125 0.065625 0.0609375
0 0.6703125 0.9015625 0.0875 0.0875
0 0.6234375 0.95078125 0.071875 0.0984375
0 0.71015625 0.94609375 0.0765625 0.1078125
0 0.771875 0.96875 0.08125 0.0625
0 0.8640625 0.88203125 0.0875 0.1078125
0 0.96484375 0.89453125 0.0703125 0.1015625
0 0.88125 0.9578125 0.1 0.084375
0 0.79296875 0.90703125 0.1078125 0.1203125