0 0.84765625 0.85859375 0.12265625 0.12265625
0 0.67734375 0.96015625 0.0859375 0.0796875
0 0.59921875 0.95859375 0.0953125 0.0828125
0 0.490625 0.96015625 0.0875 0.0796875
0 0.6046875 0.88515625 0.10546875 0.10078125
0 0.52265625 0.87890625 0.09921875 0.10390625
0 0.5265625 0.79609375 0.10078125 0.09296875
0 0.41640625 0.88828125 0.10390625 0.09453125
0 0.33046875 0.88984375 0.09765625 0.07578125
0 0.15546875 0.8625 0.11640625 0.11171875
0 0.0421875 0.93515625 0.084375 0.0984375
0 0.065625 0.86953125 0.0578125 0.053125
0 0.746875 0.82578125 0.10390625 0.11328125
0 0.85390625 0.76875 0.06953125 0.08515625
0 0.8015625 0.7203125 0.10703125 0.12265625
0 0.66015625 0.75703125 0.08515625 0.08359375
0 0.75078125 0.68125 0.0515625 0.06484375
0 0.6921875 0.690625 0.08203125 0.08828125
0 0.3484375 0.81875 0.08671875 0.08359375
0 0.43359375 0.7859375 0.09140625 0.09453125
0 0.22734375 0.81328125 0.08671875 0.08515625
0 0.26953125 0.759375 0.11484375 0.10703125
0 0.4359375 0.70390625 0.11171875 0.10234375
0 0.17578125 0.71796875 0.12890625 0.10859375
0 0.04375 0.8015625 0.0875 0.103125
0 0.05546875 0.73046875 0.08046875 0.10546875
0 0.02734375 0.68984375 0.0546875 0.08984375
0 0.975 0.53515625 0.05 0.21875
0 0.98203125 0.3171875 0.0359375 0.07734375
0 0.95546875 0.09765625 0.0890625 0.1234375
0 0.890625 0.04140625 0.0609375 0.08046875
0 0.83046875 0.1109375 0.08203125 0.08671875
0 0.75078125 0.11484375 0.08046875 0.09453125
0 0.76015625 0.02109375 0.08984375 0.0421875
0 0.6125 0.53984375 0.08046875 0.07734375
0 0.6625 0.5015625 0.07421875 0.07265625
0 0.6890625 0.4203125 0.08203125 0.09921875
0 0.534375 0.475 0.06328125 0.059375
0 0.57421875 0.49609375 0.07578125 0.08046875
0 0.59609375 0.42265625 0.13515625 0.10703125
0 0.37578125 0.6359375 0.09453125 0.09921875
0 0.28515625 0.65390625 0.10546875 0.10390625
0 0.10703125 0.6390625 0.09140625 0.11171875
0 0.22578125 0.59609375 0.09296875 0.08828125
0 0.31953125 0.55546875 0.10390625 0.09609375
0 0.23984375 0.4921875 0.09921875 0.11640625
0 0.56796875 0.2296875 0.08515625 0.09765625
0 0.60703125 0.0859375 0.07265625 0.06484375
0 0.55234375 0.1453125 0.06484375 0.06796875
0 0.52578125 0.08671875 0.08671875 0.06953125
0 0.51015625 0.25625 0.07109375 0.06328125
0 0.49296875 0.1984375 0.08046875 0.06953125
0 0.44609375 0.2484375 0.08046875 0.07578125
0 0.39765625 0.31484375 0.08828125 0.07578125
0 0.3015625 0.3421875 0.11640625 0.11171875
0 0.16640625 0.425 0.07578125 0.09921875
0 0.075 0.48828125 0.06796875 0.0609375
0 0.084375 0.42421875 0.08671875 0.08515625
0 0.0328125 0.2953125 0.065625 0.071875
0 0.22265625 0.25625 0.12109375 0.10390625
0 0.35703125 0.2515625 0.11640625 0.09140625
0 0.44765625 0.1203125 0.08359375 0.07109375
0 0.45859375 0.0546875 0.10234375 0.09453125
0 0.5125 0.028125 0.1953125 0.05625
0 0.3890625 0.1625 0.07421875 0.08359375
0 0.3203125 0.203125 0.08984375 0.06953125
0 0.2375 0.20703125 0.12578125 0.08046875
0 0.109375 0.209375 0.13046875 0.08515625
0 0.07265625 0.1421875 0.06328125 0.06796875
0 0.2015625 0.16640625 0.09453125 0.06328125
0 0.27890625 0.13515625 0.09609375 0.09140625
0 0.38984375 0.1046875 0.06640625 0.0609375
0 0.33046875 0.09765625 0.08828125 0.08828125
0 0.378125 0.04921875 0.071875 0.0984375
0 0.290625 0.05390625 0.078125 0.1078125
0 0.228125 0.03046875 0.08203125 0.0609375
0 0.13515625 0.1171875 0.08828125 0.10859375
0 0.03515625 0.10546875 0.0703125 0.1015625
0 0.11875 0.0421875 0.1 0.084375
0 0.20703125 0.0921875 0.10859375 0.12109375