0 0.07421875 0.09140625 0.1 0.0953125
0 0.21953125 0.12734375 0.07421875 0.109375
0 0.17109375 0.18984375 0.13515625 0.13359375
0 0.14609375 0.29765625 0.12421875 0.0953125
0 0.31484375 0.1984375 0.1 0.08359375
0 0.31484375 0.10703125 0.12890625 0.12109375
0 0.25390625 0.02421875 0.146875 0.0484375
0 0.45 0.0453125 0.12890625 0.090625
0 0.50234375 0.084375 0.05625 0.0921875
0 0.5703125 0.04921875 0.0921875 0.0984375
0 0.57734375 0.1140625 0.08671875 0.1015625
0 0.546875 0.18046875 0.11640625 0.096875
0 0.50078125 0.2546875 0.0984375 0.09375
0 0.33671875 0.34140625 0.103125 0.0890625
0 0.23515625 0.36953125 0.090625 0.08359375
0 0.31015625 0.39921875 0.11484375 0.0984375
0 0.415625 0.3671875 0.1078125 0.1109375
0 0.309375 0.571875 0.090625 0.08203125
0 0.20078125 0.7609375 0.13671875 0.1515625
0 0.2953125 0.96171875 0.08359375 0.06640625
0 0.04609375 0.97109375 0.0015625 0.003125
0 0.521875 0.890625 0.059375 0.0546875
0 0.54375 0.9546875 0.07109375 0.07421875
0 0.65 0.02890625 0.08359375 0.0578125
0 0.7125 0.03125 0.1 0.0625
0 0.80859375 0.05390625 0.12734375 0.1078125
0 0.896875 0.01953125 0.06484375 0.0390625
0 0.97890625 0.07109375 0.0421875 0.1421875
0 0.8734375 0.14140625 0.06953125 0.06640625
0 0.7890625 0.1484375 0.08671875 0.10625
0 0.71953125 0.1140625 0.103125 0.0953125
0 0.65234375 0.19921875 0.0984375 0.13359375
0 0.7109375 0.2890625 0.096875 0.09375
0 0.7265625 0.2015625 0.1015625 0.09375
0 0.790625 0.23515625 0.09375 0.1
0 0.90546875 0.2953125 0.06953125 0.07734375
0 0.86640625 0.36171875 0.1 0.07890625
0 0.96015625 0.33984375 0.07890625 0.12109375
0 0.95546875 0.42890625 0.0890625 0.090625
0 0.5953125 0.33984375 0.0546875 0.07890625
0 0.53515625 0.3 0.07734375 0.08671875
0 0.634375 0.284375 0.07265625 0.07890625
0 0.6671875 0.3421875 0.08203125 0.090625
0 0.66953125 0.4140625 0.07734375 0.1015625
0 0.72890625 0.44140625 0.08359375 0.07890625
0 0.4953125 0.3953125 0.12265625 0.11640625
0 0.53515625 0.45703125 0.10625 0.1015625
0 0.403125 0.478125 0.1515625 0.1109375
0 0.46484375 0.58046875 0.12890625 0.12578125
0 0.35546875 0.675 0.059375 0.06953125
0 0.36015625 0.171875 0.04375 0.059375
0 0.56640625 0.86015625 0.07421875 0.07265625
0 0.57890625 0.9109375 0.0546875 0.0578125
0 0.5984375 0.9640625 0.075 0.071875
0 0.63203125 0.9140625 0.096875 0.13046875
0 0.45859375 0.66015625 0.12109375 0.08203125
0 0.48671875 0.72265625 0.09375 0.07421875
0 0.56015625 0.7359375 0.059375 0.07890625
0 0.61640625 0.73125 0.07421875 0.1046875
0 0.61015625 0.59765625 0.1109375 0.12109375
0 0.6671875 0.71796875 0.06953125 0.06484375
0 0.63203125 0.66171875 0.08359375 0.05625
0 0.77890625 0.68125 0.09375 0.146875
0 0.85859375 0.6640625 0.1109375 0.07265625
0 0.85703125 0.59765625 0.11796875 0.06953125
0 0.953125 0.634375 0.09375 0.1078125
0 0.8203125 0.63203125 0.040625 0.06484375
0 0.940625 0.55546875 0.11875 0.0953125
0 0.971875 0.48203125 0.05625 0.1
0 0.853125 0.496875 0.1609375 0.11953125
0 0.81484375 0.41171875 0.096875 0.08203125
0 0.890625 0.40703125 0.06796875 0.06953125
0 0.7265625 0.55078125 0.0984375 0.11484375
0 0.87734375 0.21484375 0.08671875 0.07734375
0 0.0265625 0.02265625 0.053125 0.0453125
0 0.02265625 0.12421875 0.0453125 0.07109375