0 0.078125 0.08984375 0.096875 0.0921875
0 0.21875 0.125 0.071875 0.10625
0 0.171875 0.18515625 0.13125 0.1296875
0 0.14765625 0.28984375 0.1203125 0.0921875
0 0.3109375 0.19375 0.096875 0.08125
0 0.3109375 0.10546875 0.125 0.1171875
0 0.25234375 0.02421875 0.1421875 0.0484375
0 0.4421875 0.04453125 0.125 0.0890625
0 0.49296875 0.08359375 0.0546875 0.0890625
0 0.55859375 0.0484375 0.0890625 0.096875
0 0.565625 0.11171875 0.084375 0.0984375
0 0.5359375 0.1765625 0.1125 0.09375
0 0.49140625 0.2484375 0.0953125 0.090625
0 0.3328125 0.33203125 0.1 0.0859375
0 0.234375 0.359375 0.0875 0.08125
0 0.30703125 0.38828125 0.1109375 0.0953125
0 0.40859375 0.35703125 0.1046875 0.1078125
0 0.30625 0.55546875 0.0875 0.0796875
0 0.20078125 0.7390625 0.1328125 0.146875
0 0.2921875 0.93359375 0.08125 0.0640625
0 0.05078125 0.9421875 0.0015625 0.003125
0 0.51171875 0.8640625 0.0578125 0.053125
0 0.5328125 0.9265625 0.06875 0.071875
0 0.6359375 0.02890625 0.08125 0.0578125
0 0.696875 0.03125 0.096875 0.0625
0 0.78984375 0.053125 0.1234375 0.10625
0 0.875 0.01953125 0.0625 0.0390625
0 0.9671875 0.06953125 0.065625 0.1390625
0 0.85234375 0.13828125 0.0671875 0.0640625
0 0.7703125 0.1453125 0.084375 0.103125
0 0.703125 0.11171875 0.1 0.0921875
0 0.63828125 0.19453125 0.0953125 0.1296875
0 0.6953125 0.28125 0.09375 0.090625
0 0.71015625 0.196875 0.0984375 0.090625
0 0.771875 0.2296875 0.090625 0.096875
0 0.88359375 0.2875 0.0671875 0.075
0 0.8453125 0.35234375 0.096875 0.0765625
0 0.94921875 0.33046875 0.1015625 0.1171875
0 0.9390625 0.4171875 0.1 0.0875
0 0.5828125 0.33046875 0.053125 0.0765625
0 0.525 0.2921875 0.075 0.084375
0 0.62109375 0.27734375 0.0703125 0.0765625
0 0.65234375 0.3328125 0.0796875 0.0875
0 0.6546875 0.40234375 0.075 0.0984375
0 0.7125 0.42890625 0.08125 0.0765625
0 0.4859375 0.384375 0.11875 0.1125
0 0.525 0.44453125 0.103125 0.0984375
0 0.396875 0.46484375 0.146875 0.1078125
0 0.45625 0.5640625 0.125 0.121875
0 0.35078125 0.65546875 0.0578125 0.0671875
0 0.35546875 0.16796875 0.0421875 0.0578125
0 0.5546875 0.83515625 0.071875 0.0703125
0 0.5671875 0.884375 0.053125 0.05625
0 0.58671875 0.9390625 0.0734375 0.075
0 0.61875 0.88671875 0.09375 0.1265625
0 0.45078125 0.64140625 0.1171875 0.0796875
0 0.478125 0.7015625 0.090625 0.071875
0 0.54921875 0.71484375 0.0578125 0.0765625
0 0.603125 0.71015625 0.071875 0.1015625
0 0.59765625 0.58046875 0.1078125 0.1171875
0 0.65234375 0.696875 0.0671875 0.0625
0 0.61875 0.64296875 0.08125 0.0546875
0 0.7609375 0.66171875 0.090625 0.1421875
0 0.83828125 0.64453125 0.1078125 0.0703125
0 0.83671875 0.58046875 0.1140625 0.0671875
0 0.93984375 0.61640625 0.1109375 0.1046875
0 0.80078125 0.6140625 0.0390625 0.0625
0 0.93046875 0.53984375 0.1390625 0.0921875
0 0.96015625 0.46875 0.0796875 0.096875
0 0.8328125 0.4828125 0.15625 0.115625
0 0.7953125 0.40078125 0.09375 0.0796875
0 0.86875 0.39609375 0.065625 0.0671875
0 0.71015625 0.53515625 0.0953125 0.1109375
0 0.85625 0.209375 0.084375 0.075
0 0.02890625 0.02265625 0.0578125 0.0453125
0 0.025 0.121875 0.05 0.06875