0 0.08125 0.93125 0.1078125 0.10234375
0 0.2375 0.8921875 0.0796875 0.11796875
0 0.1859375 0.82578125 0.14609375 0.14375
0 0.15859375 0.709375 0.13359375 0.10234375
0 0.340625 0.815625 0.1078125 0.090625
0 0.340625 0.9140625 0.1390625 0.13046875
0 0.27421875 0.9890625 0.1578125 0.021875
0 0.48515625 0.96640625 0.1390625 0.0671875
0 0.5421875 0.93828125 0.0609375 0.09921875
0 0.615625 0.96171875 0.09921875 0.0765625
0 0.6234375 0.90703125 0.09375 0.109375
0 0.590625 0.83515625 0.125 0.10390625
0 0.540625 0.75546875 0.10625 0.10078125
0 0.36484375 0.6625 0.1109375 0.0953125
0 0.25546875 0.63203125 0.096875 0.090625
0 0.3359375 0.6 0.1234375 0.10625
0 0.4484375 0.634375 0.11640625 0.11953125
0 0.33515625 0.4140625 0.096875 0.08828125
0 0.21796875 0.21015625 0.14765625 0.16328125
0 0.31953125 0.01484375 0.090625 0.0296875
0 0.56328125 0.07109375 0.0640625 0.059375
0 0.58671875 0.02109375 0.0765625 0.04140625
0 0.7015625 0.98359375 0.090625 0.0328125
0 0.76796875 0.98125 0.1078125 0.0375
0 0.87265625 0.95625 0.1375 0.08671875
0 0.965625 0.99375 0.06875 0.0125
0 0.9421875 0.87734375 0.075 0.07109375
0 0.85078125 0.86953125 0.09375 0.11484375
0 0.77578125 0.90703125 0.1109375 0.10234375
0 0.70390625 0.81484375 0.10625 0.14375
0 0.7671875 0.71875 0.10390625 0.10078125
0 0.78359375 0.8125 0.109375 0.10078125
0 0.85234375 0.77578125 0.10078125 0.1078125
0 0.96953125 0.71171875 0.0609375 0.08359375
0 0.934375 0.63984375 0.1078125 0.08515625
0 0.6421875 0.6640625 0.059375 0.08515625
0 0.578125 0.70625 0.08359375 0.09375
0 0.68515625 0.7234375 0.078125 0.08515625
0 0.71953125 0.66171875 0.08828125 0.096875
0 0.721875 0.584375 0.08359375 0.109375
0 0.78671875 0.5546875 0.090625 0.08515625
0 0.534375 0.60390625 0.13203125 0.125
0 0.578125 0.5375 0.11484375 0.109375
0 0.4359375 0.51484375 0.16328125 0.11953125
0 0.5015625 0.4046875 0.1390625 0.13515625
0 0.384375 0.303125 0.0640625 0.075
0 0.38984375 0.84453125 0.046875 0.0640625
0 0.6109375 0.103125 0.0796875 0.078125
0 0.625 0.0484375 0.059375 0.0625
0 0.646875 0.01484375 0.08125 0.0296875
0 0.68125 0.05859375 0.103125 0.1171875
0 0.4953125 0.31875 0.13046875 0.08828125
0 0.52578125 0.2515625 0.10078125 0.0796875
0 0.6046875 0.23671875 0.0640625 0.08515625
0 0.66484375 0.2421875 0.0796875 0.1125
0 0.65859375 0.3859375 0.11953125 0.13046875
0 0.71953125 0.25703125 0.075 0.06953125
0 0.68203125 0.3171875 0.090625 0.0609375
0 0.840625 0.29609375 0.10078125 0.1578125
0 0.9265625 0.31484375 0.11953125 0.078125
0 0.92421875 0.3859375 0.1265625 0.075
0 0.884375 0.34921875 0.04375 0.06953125
0 0.97578125 0.43125 0.0484375 0.10234375
0 0.91640625 0.49453125 0.16640625 0.128125
0 0.878125 0.5859375 0.10390625 0.08828125
0 0.96015625 0.59140625 0.07265625 0.075
0 0.78359375 0.43671875 0.10625 0.1234375
0 0.94609375 0.7984375 0.09375 0.08359375
0 0.0296875 0.990625 0.059375 0.01875
0 0.025 0.89609375 0.05 0.0765625