0 0.0984375 0.0546875 0.06875 0.0625
0 0.084375 0.11171875 0.053125 0.0578125
0 0.046875 0.16328125 0.065625 0.0765625
0 0.02265625 0.21640625 0.0453125 0.0671875
0 0.10703125 0.17734375 0.0734375 0.0671875
0 0.13046875 0.2234375 0.0765625 0.0625
0 0.0875 0.2875 0.04375 0.05625
0 0.15 0.309375 0.05625 0.071875
0 0.13671875 0.3578125 0.0484375 0.053125
0 0.0875 0.3640625 0.040625 0.04375
0 0.10078125 0.42109375 0.0390625 0.0453125
0 0.140625 0.45703125 0.059375 0.0484375
0 0.18359375 0.43359375 0.0359375 0.0359375
0 0.20625 0.42890625 0.021875 0.0296875
0 0.2328125 0.41328125 0.03125 0.0359375
0 0.31640625 0.353125 0.0296875 0.040625
0 0.2703125 0.2734375 0.034375 0.03125
0 0.228125 0.49921875 0.03125 0.0359375
0 0.103125 0.53828125 0.025 0.0265625
0 0.103125 0.5671875 0.03125 0.028125
0 0.053125 0.73828125 0.04375 0.0421875
0 0.0765625 0.82578125 0.0875 0.1140625
0 0.11796875 0.9 0.1328125 0.103125
0 0.18515625 0.8375 0.0453125 0.05
0 0.1890625 0.77421875 0.0875 0.0734375
0 0.1765625 0.9375 0.065625 0.06875
0 0.103125 0.9828125 0.1 0.034375
0 0.27265625 0.9359375 0.1390625 0.090625
0 0.40859375 0.659375 0.0640625 0.040625
0 0.31640625 0.5734375 0.0359375 0.05
0 0.3109375 0.48671875 0.028125 0.0328125
0 0.3421875 0.478125 0.03125 0.03125
0 0.334375 0.45546875 0.0375 0.0234375
0 0.33203125 0.43125 0.0421875 0.03125
0 0.38203125 0.31953125 0.0421875 0.0484375
0 0.44140625 0.1078125 0.0390625 0.04375
0 0.50625 0.090625 0.040625 0.03125
0 0.53125 0.05390625 0.075 0.0671875
0 0.540625 0.13671875 0.0375 0.0578125
0 0.50234375 0.17890625 0.0453125 0.0453125
0 0.5765625 0.16328125 0.04375 0.0671875
0 0.6859375 0.1875 0.065625 0.05625
0 0.71875 0.15234375 0.04375 0.0484375
0 0.81484375 0.0453125 0.0453125 0.040625
0 0.928125 0.02265625 0.0375 0.0359375
0 0.8796875 0.25546875 0.08125 0.0796875
0 0.7296875 0.28984375 0.05625 0.0546875
0 0.80390625 0.19921875 0.0546875 0.0453125
0 0.67421875 0.31875 0.0546875 0.06875
0 0.59375 0.3046875 0.04375 0.040625
0 0.65625 0.41171875 0.0625 0.0578125
0 0.62109375 0.37421875 0.0640625 0.0671875
0 0.5265625 0.37734375 0.05 0.0609375
0 0.43984375 0.46328125 0.0796875 0.0578125
0 0.41953125 0.42578125 0.0578125 0.0421875
0 0.5375 0.47265625 0.071875 0.0640625
0 0.5875 0.49140625 0.053125 0.0484375
0 0.4953125 0.53828125 0.04375 0.0515625
0 0.46875 0.57421875 0.034375 0.0296875
0 0.46640625 0.60234375 0.0328125 0.0484375
0 0.3890625 0.59765625 0.053125 0.0515625
0 0.49375 0.62890625 0.04375 0.0609375
0 0.49609375 0.69765625 0.0796875 0.0984375
0 0.68046875 0.55390625 0.0890625 0.0640625
0 0.7953125 0.39453125 0.059375 0.0984375
0 0.72890625 0.46640625 0.0453125 0.0578125
0 0.73828125 0.5171875 0.0640625 0.053125
0 0.80546875 0.546875 0.0953125 0.0875
0 0.7984375 0.48671875 0.05625 0.0421875
0 0.865625 0.44921875 0.05625 0.0609375
0 0.88125 0.53828125 0.065625 0.0765625
0 0.78359375 0.62734375 0.0765625 0.0609375
0 0.77265625 0.8 0.0734375 0.084375
0 0.846875 0.74375 0.040625 0.040625
0 0.9265625 0.74609375 0.0625 0.0671875
0 0.9671875 0.728125 0.065625 0.06875
0 0.96875 0.653125 0.0625 0.084375
0 0.96640625 0.5625 0.0671875 0.115625
0 0.784375 0.9328125 0.053125 0.0625
0 0.8078125 0.86953125 0.0625 0.0578125
0 0.7453125 0.890625 0.05 0.053125
0 0.5953125 0.98515625 0.04375 0.0296875
0 0.275 0.01953125 0.06875 0.0390625
0 0.228125 0.0953125 0.028125 0.040625
0 0.41640625 0.015625 0.0265625 0.025
0 0.35 0.234375 0.03125 0.05