0 0.96796875 0.909375 0.0640625 0.06953125
0 0.89375 0.91796875 0.07109375 0.0875
0 0.9796875 0.98671875 0.040625 0.0265625
0 0.95 0.9953125 0.06875 0.009375
0 0.7703125 0.96796875 0.05625 0.0578125
0 0.6671875 0.9375 0.034375 0.0328125
0 0.70625 0.9546875 0.05625 0.0609375
0 0.596875 0.9171875 0.0875 0.0890625
0 0.53828125 0.8765625 0.0359375 0.04296875
0 0.5484375 0.96640625 0.059375 0.0671875
0 0.60859375 0.97734375 0.06953125 0.04453125
0 0.5125 0.96640625 0.1 0.0671875
0 0.484375 0.9359375 0.084375 0.065625
0 0.3859375 0.9796875 0.090625 0.040625
0 0.409375 0.92578125 0.07578125 0.0921875
0 0.3671875 0.890625 0.05078125 0.07109375
0 0.5171875 0.8203125 0.05078125 0.04609375
0 0.45390625 0.8390625 0.06953125 0.06796875
0 0.4125 0.78203125 0.07890625 0.07578125
0 0.33046875 0.76328125 0.04453125 0.04765625
0 0.140625 0.915625 0.0890625 0.0890625
0 0.10390625 0.95703125 0.07265625 0.07890625
0 0.03671875 0.8125 0.0734375 0.13125
0 0.28359375 0.84140625 0.07265625 0.07578125
0 0.21953125 0.8109375 0.05625 0.06796875
0 0.16171875 0.77265625 0.05625 0.07890625
0 0.1203125 0.7703125 0.04296875 0.065625
0 0.9796875 0.6390625 0.040625 0.109375
0 0.92734375 0.64375 0.0625 0.07265625
0 0.8703125 0.57421875 0.08046875 0.059375
0 0.8140625 0.6234375 0.0609375 0.07578125
0 0.78984375 0.575 0.0640625 0.0578125
0 0.76953125 0.72578125 0.084375 0.10546875
0 0.7421875 0.73671875 0.0625 0.07421875
0 0.71484375 0.68046875 0.05625 0.04765625
0 0.69921875 0.640625 0.0609375 0.05625
0 0.553125 0.67890625 0.09609375 0.12734375
0 0.47421875 0.6234375 0.1140625 0.09921875
0 0.7984375 0.45234375 0.065625 0.065625
0 0.671875 0.471875 0.04609375 0.05625
0 0.71875 0.4390625 0.0609375 0.065625
0 0.81875 0.340625 0.0921875 0.10390625
0 0.87109375 0.30390625 0.07578125 0.07265625
0 0.97109375 0.18515625 0.0578125 0.065625
0 0.85 0.2171875 0.10234375 0.1109375
0 0.88203125 0.15078125 0.084375 0.0640625
0 0.9828125 0.015625 0.034375 0.03125
0 0.74140625 0.090625 0.1171875 0.07578125
0 0.70234375 0.03515625 0.0734375 0.0703125
0 0.6734375 0.01953125 0.06875 0.0390625
0 0.5453125 0.4734375 0.05078125 0.03984375
0 0.52734375 0.44921875 0.05078125 0.05625
0 0.934375 0.525 0.04296875 0.05625
0 0.959375 0.5109375 0.04765625 0.04765625
0 0.953125 0.47578125 0.03828125 0.025
0 0.9890625 0.50625 0.02109375 0.07265625
0 0.0171875 0.71015625 0.034375 0.0609375
0 0.0390625 0.696875 0.04765625 0.0640625
0 0.096875 0.690625 0.07421875 0.07109375
0 0.3296875 0.59375 0.0859375 0.07890625
0 0.3671875 0.55390625 0.0609375 0.084375
0 0.559375 0.23984375 0.059375 0.0578125
0 0.396875 0.17421875 0.0875 0.08046875
0 0.32109375 0.39609375 0.08046875 0.07265625
0 0.28125 0.33359375 0.07109375 0.065625
0 0.2421875 0.29921875 0.07578125 0.07421875
0 0.23515625 0.46640625 0.08046875 0.08046875
0 0.165625 0.48359375 0.0609375 0.07578125
0 0.2125 0.37109375 0.065625 0.05625
0 0.14609375 0.38203125 0.08046875 0.06796875
0 0.1421875 0.32734375 0.07890625 0.084375
0 0.08359375 0.325 0.07421875 0.07265625
0 0.025 0.43984375 0.04921875 0.07734375
0 0.06171875 0.4078125 0.07421875 0.10546875
0 0.0125 0.39921875 0.025 0.05625
0 0.03046875 0.34609375 0.0609375 0.090625
0 0.05234375 0.26640625 0.04453125 0.04453125
0 0.0203125 0.240625 0.040625 0.071875
0 0.040625 0.20078125 0.0609375 0.0875
0 0.00625 0.35546875 0.0125 0.0890625
0 0.12109375 0.1234375 0.10078125 0.09609375
0 0.08359375 0.07890625 0.090625 0.10234375
0 0.0375 0.04453125 0.07421875 0.0890625
0 0.134375 0.01953125 0.1 0.0390625
0 0.23671875 0.03125 0.07421875 0.0625
0 0.2828125 0.015625 0.0640625 0.03125
0 0.90625 0.77734375 0.05625 0.05625