0 0.38515625 0.97109375 0.075 0.0578125
0 0.4578125 0.9859375 0.059375 0.028125
0 0.15859375 0.71953125 0.06796875 0.08203125
0 0.09140625 0.803125 0.046875 0.05078125
0 0.11796875 0.7703125 0.046875 0.05390625
0 0.0078125 0.6921875 0.015625 0.0421875
0 0.08046875 0.6078125 0.0453125 0.05078125
0 0.01015625 0.44609375 0.0203125 0.1078125
0 0.0390625 0.1359375 0.078125 0.1
0 0.071875 0.065625 0.0734375 0.075
0 0.1046875 0.01796875 0.05 0.0359375
0 0.18828125 0.015625 0.071875 0.03125
0 0.2359375 0.0359375 0.06328125 0.06484375
0 0.2796875 0.00859375 0.0453125 0.0171875
0 0.26328125 0.07421875 0.071875 0.075
0 0.3109375 0.08984375 0.04921875 0.05078125
0 0.2 0.25859375 0.05078125 0.04921875
0 0.1984375 0.2953125 0.05078125 0.0421875
0 0.12578125 0.59453125 0.0421875 0.04921875
0 0.28984375 0.553125 0.06640625 0.06484375
0 0.440625 0.79453125 0.04921875 0.046875
0 0.56015625 0.86796875 0.0609375 0.06796875
0 0.56796875 0.92421875 0.04921875 0.05078125
0 0.6203125 0.884375 0.090625 0.09453125
0 0.68515625 0.93203125 0.03515625 0.0421875
0 0.6375 0.9421875 0.075 0.06640625
0 0.675 0.821875 0.0734375 0.08046875
0 0.775 0.9796875 0.075 0.03984375
0 0.8515625 0.990625 0.078125 0.01875
0 0.8609375 0.978125 0.08203125 0.04375
0 0.87734375 0.946875 0.09765625 0.07890625
0 0.95625 0.85390625 0.0875 0.1
0 0.925 0.909375 0.09453125 0.0734375
0 0.98125 0.7875 0.0375 0.0625
0 0.9609375 0.72578125 0.075 0.06640625
0 0.840625 0.63203125 0.08046875 0.07890625
0 0.88125 0.5953125 0.06640625 0.0890625
0 0.8 0.5796875 0.09296875 0.103125
0 0.57890625 0.59765625 0.08359375 0.090625
0 0.48359375 0.6125 0.103125 0.11015625
0 0.53359375 0.5375 0.08359375 0.08203125
0 0.50234375 0.85078125 0.03984375 0.03671875
0 0.11796875 0.52265625 0.05078125 0.04921875
0 0.16796875 0.5 0.0421875 0.04921875
0 0.11953125 0.10078125 0.05078125 0.046875
0 0.33359375 0.034375 0.0765625 0.06796875
0 0.38828125 0.11015625 0.08359375 0.09765625
0 0.4390625 0.15 0.0703125 0.0703125
0 0.3375 0.13671875 0.0703125 0.06328125
0 0.3984375 0.18515625 0.08359375 0.06640625
0 0.48359375 0.26328125 0.05390625 0.0609375
0 0.41484375 0.28046875 0.0890625 0.07890625
0 0.4359375 0.32890625 0.0890625 0.0734375
0 0.36015625 0.4109375 0.0453125 0.0421875
0 0.4109375 0.5765625 0.0453125 0.0421875
0 0.4 0.6203125 0.05625 0.059375
0 0.56328125 0.0171875 0.0640625 0.034375
0 0.65 0.09296875 0.0765625 0.0734375
0 0.69296875 0.18671875 0.05390625 0.059375
0 0.5875 0.2796875 0.06328125 0.06328125
0 0.60078125 0.325 0.03671875 0.03828125
0 0.5640625 0.240625 0.03671875 0.046875
0 0.521875 0.2046875 0.0296875 0.03515625
0 0.41875 0.23828125 0.05390625 0.0578125
0 0.67421875 0.35546875 0.06484375 0.0609375
0 0.778125 0.25703125 0.0703125 0.0703125
0 0.72890625 0.02578125 0.0703125 0.0515625
0 0.76328125 0.065625 0.05390625 0.06484375
0 0.8078125 0.0359375 0.05625 0.06484375
0 0.8 0.0875 0.0609375 0.0703125
0 0.85859375 0.075 0.059375 0.06328125
0 0.890625 0.1046875 0.06484375 0.059375
0 0.853125 0.14609375 0.059375 0.07890625
0 0.909375 0.1484375 0.059375 0.059375
0 0.95546875 0.225 0.07890625 0.1
0 0.98046875 0.2703125 0.03828125 0.0859375
0 0.8765625 0.315625 0.0890625 0.103125
0 0.95546875 0.40234375 0.06796875 0.06328125
0 0.98203125 0.48671875 0.0359375 0.0640625
0 0.73828125 0.53046875 0.07890625 0.08203125
0 0.77109375 0.45 0.05625 0.05390625
0 0.7015625 0.4703125 0.075 0.09765625
0 0.52265625 0.03984375 0.028125 0.03828125
0 0.07109375 0.35546875 0.05078125 0.046875
0 0.05078125 0.8265625 0.03125 0.03515625
0 0.00546875 0.88828125 0.01015625 0.03125
0 0.2984375 0.8390625 0.0296875 0.03125
0 0.2734375 0.8578125 0.0296875 0.0296875