0 0.040625 0.0984375 0.071875 0.065625
0 0.11640625 0.08984375 0.0671875 0.0828125
0 0.02734375 0.01875 0.0546875 0.0375
0 0.0640625 0.0109375 0.065625 0.021875
0 0.2328125 0.04296875 0.053125 0.0546875
0 0.33046875 0.071875 0.0328125 0.03125
0 0.29375 0.05546875 0.053125 0.0578125
0 0.39765625 0.090625 0.0828125 0.084375
0 0.453125 0.1296875 0.034375 0.040625
0 0.44375 0.03828125 0.05625 0.0765625
0 0.3859375 0.02734375 0.065625 0.0546875
0 0.478125 0.03828125 0.09375 0.0765625
0 0.50390625 0.0734375 0.0796875 0.0625
0 0.59765625 0.0265625 0.0859375 0.05
0 0.575 0.0828125 0.071875 0.0875
0 0.61484375 0.11640625 0.0484375 0.0671875
0 0.47265625 0.1828125 0.0484375 0.04375
0 0.5328125 0.16484375 0.065625 0.0640625
0 0.571875 0.21875 0.075 0.071875
0 0.64921875 0.23671875 0.0421875 0.0453125
0 0.8296875 0.0921875 0.084375 0.084375
0 0.8640625 0.053125 0.06875 0.075
0 0.946875 0.190625 0.10625 0.125
0 0.69375 0.1625 0.06875 0.071875
0 0.7546875 0.19140625 0.053125 0.0640625
0 0.809375 0.228125 0.053125 0.075
0 0.8484375 0.2296875 0.040625 0.0625
0 0.02734375 0.3546875 0.0546875 0.103125
0 0.084375 0.35 0.059375 0.06875
0 0.13828125 0.415625 0.0765625 0.05625
0 0.19140625 0.36875 0.0578125 0.071875
0 0.21484375 0.41484375 0.0609375 0.0546875
0 0.23359375 0.271875 0.0796875 0.1
0 0.259375 0.26171875 0.059375 0.0703125
0 0.2859375 0.31484375 0.053125 0.0453125
0 0.30078125 0.353125 0.0578125 0.053125
0 0.4390625 0.31640625 0.090625 0.1203125
0 0.51328125 0.36875 0.1078125 0.09375
0 0.20625 0.53125 0.0625 0.0625
0 0.3265625 0.5125 0.04375 0.053125
0 0.28203125 0.54375 0.0578125 0.0625
0 0.1875 0.63671875 0.0875 0.0984375
0 0.1375 0.671875 0.071875 0.06875
0 0.03515625 0.784375 0.0703125 0.0625
0 0.1578125 0.75390625 0.096875 0.1046875
0 0.12734375 0.81640625 0.0796875 0.0609375
0 0.02421875 0.9640625 0.0484375 0.06875
0 0.26015625 0.8734375 0.1109375 0.071875
0 0.2984375 0.928125 0.06875 0.06875
0 0.32578125 0.96171875 0.0640625 0.0765625
0 0.44609375 0.5109375 0.0484375 0.0375
0 0.46328125 0.534375 0.0484375 0.053125
0 0.078125 0.4625 0.040625 0.053125
0 0.05390625 0.47578125 0.0453125 0.0453125
0 0.06015625 0.50859375 0.0359375 0.0234375
0 0.01796875 0.4796875 0.0359375 0.06875
0 0.9828125 0.26953125 0.034375 0.0859375
0 0.9546875 0.28671875 0.05 0.0578125
0 0.92578125 0.29921875 0.0453125 0.0609375
0 0.87109375 0.30546875 0.0703125 0.0671875
0 0.65 0.396875 0.08125 0.075
0 0.61484375 0.43515625 0.0578125 0.0796875
0 0.4328125 0.73203125 0.05625 0.0546875
0 0.58671875 0.79453125 0.0828125 0.0765625
0 0.65859375 0.584375 0.0765625 0.06875
0 0.69609375 0.64375 0.0671875 0.0625
0 0.7328125 0.67578125 0.071875 0.0703125
0 0.73984375 0.51796875 0.0765625 0.0765625
0 0.80546875 0.5015625 0.0578125 0.071875
0 0.7609375 0.6078125 0.0625 0.053125
0 0.82421875 0.59765625 0.0765625 0.0640625
0 0.828125 0.64921875 0.075 0.0796875
0 0.88359375 0.6515625 0.0703125 0.06875
0 0.9796875 0.525 0.040625 0.065625
0 0.953125 0.54296875 0.075 0.0734375
0 0.90390625 0.5734375 0.0703125 0.1
0 0.96484375 0.58125 0.0515625 0.053125
0 0.9375 0.63203125 0.065625 0.0859375
0 0.91328125 0.70703125 0.0421875 0.0421875
0 0.95625 0.73203125 0.0625 0.0671875
0 0.92421875 0.76953125 0.0578125 0.0828125
0 0.97578125 0.6234375 0.0484375 0.084375
0 0.84765625 0.8421875 0.0953125 0.090625
0 0.88359375 0.884375 0.0859375 0.096875
0 0.92890625 0.93125 0.0734375 0.1125
0 0.8359375 0.96171875 0.09375 0.0765625
0 0.73828125 0.93125 0.0703125 0.0625
0 0.69453125 0.96015625 0.0609375 0.0609375
0 0.640625 0.9796875 0.059375 0.040625
0 0.684375 0.9875 0.04375 0.025
0 0.759375 0.97734375 0.04375 0.0421875
0 0.72265625 0.9828125 0.0421875 0.034375
0 0.97734375 0.90390625 0.0453125 0.1234375
0 0.98046875 0.4625 0.0328125 0.0375
0 0.1046875 0.2234375 0.053125 0.053125