0 0.040625 0.0328125 0.075 0.06484375
0 0.02734375 0.09296875 0.0546875 0.06328125
0 0.01015625 0.14921875 0.0203125 0.08359375
0 0.05 0.16484375 0.08046875 0.0734375
0 0.07578125 0.21484375 0.08359375 0.06796875
0 0.02890625 0.28515625 0.04765625 0.06171875
0 0.09765625 0.30859375 0.06171875 0.078125
0 0.0828125 0.36171875 0.053125 0.0578125
0 0.02890625 0.36875 0.04453125 0.04765625
0 0.04375 0.43125 0.04296875 0.04921875
0 0.08671875 0.4703125 0.06484375 0.053125
0 0.13359375 0.44453125 0.0390625 0.0390625
0 0.15859375 0.4390625 0.02421875 0.0328125
0 0.1875 0.42265625 0.034375 0.0390625
0 0.27890625 0.35703125 0.0328125 0.04453125
0 0.22890625 0.26953125 0.0375 0.034375
0 0.1828125 0.51640625 0.034375 0.0390625
0 0.04609375 0.55859375 0.02734375 0.02890625
0 0.04609375 0.590625 0.034375 0.03046875
0 0.0078125 0.77734375 0.015625 0.04609375
0 0.0328125 0.87265625 0.06484375 0.12421875
0 0.0671875 0.94765625 0.134375 0.1015625
0 0.1359375 0.8859375 0.04921875 0.0546875
0 0.13984375 0.81640625 0.0953125 0.08046875
0 0.1265625 0.978125 0.071875 0.04375
0 0.23125 0.971875 0.1515625 0.05625
0 0.3796875 0.69140625 0.0703125 0.04453125
0 0.27890625 0.59765625 0.0390625 0.0546875
0 0.27265625 0.50234375 0.03046875 0.0359375
0 0.30703125 0.49296875 0.034375 0.034375
0 0.2984375 0.46875 0.040625 0.02578125
0 0.29609375 0.4421875 0.04609375 0.034375
0 0.35078125 0.3203125 0.04609375 0.053125
0 0.415625 0.0890625 0.04296875 0.04765625
0 0.48671875 0.0703125 0.04453125 0.034375
0 0.51328125 0.03359375 0.08203125 0.06640625
0 0.52421875 0.1203125 0.040625 0.06328125
0 0.48203125 0.16640625 0.04921875 0.04921875
0 0.56328125 0.14921875 0.04765625 0.0734375
0 0.6828125 0.17578125 0.071875 0.06171875
0 0.71875 0.1375 0.04765625 0.053125
0 0.82265625 0.02109375 0.0484375 0.0421875
0 0.946875 0.0078125 0.040625 0.015625
0 0.89453125 0.25 0.0890625 0.08671875
0 0.73046875 0.2875 0.06171875 0.059375
0 0.81171875 0.18828125 0.059375 0.04921875
0 0.66953125 0.31875 0.059375 0.075
0 0.58203125 0.30390625 0.04765625 0.04453125
0 0.65 0.4203125 0.06796875 0.06328125
0 0.61171875 0.3796875 0.0703125 0.0734375
0 0.50859375 0.3828125 0.0546875 0.06640625
0 0.4140625 0.47734375 0.08671875 0.06328125
0 0.39140625 0.4359375 0.06328125 0.04609375
0 0.5203125 0.4875 0.078125 0.0703125
0 0.575 0.5078125 0.0578125 0.053125
0 0.47421875 0.55859375 0.04765625 0.05625
0 0.4453125 0.5984375 0.0375 0.0328125
0 0.44296875 0.62890625 0.0359375 0.053125
0 0.35859375 0.6234375 0.0578125 0.05625
0 0.47265625 0.6578125 0.04765625 0.06640625
0 0.475 0.7328125 0.08671875 0.1078125
0 0.6765625 0.57578125 0.09765625 0.0703125
0 0.80234375 0.4015625 0.06484375 0.1078125
0 0.7296875 0.48046875 0.04921875 0.06328125
0 0.73984375 0.5359375 0.0703125 0.0578125
0 0.81328125 0.56796875 0.10390625 0.0953125
0 0.80546875 0.50234375 0.06171875 0.04609375
0 0.87890625 0.46171875 0.06171875 0.06640625
0 0.89609375 0.55859375 0.071875 0.08359375
0 0.7890625 0.65625 0.08359375 0.06640625
0 0.77734375 0.84453125 0.08046875 0.0921875
0 0.85859375 0.78359375 0.04453125 0.04453125
0 0.9453125 0.7859375 0.06796875 0.0734375
0 0.9765625 0.765625 0.046875 0.075
0 0.978125 0.68359375 0.04375 0.0921875
0 0.97578125 0.58515625 0.04765625 0.1265625
0 0.78984375 0.97734375 0.0578125 0.0453125
0 0.815625 0.9203125 0.06796875 0.06328125
0 0.74765625 0.94375 0.0546875 0.0578125
0 0.23359375 0.00703125 0.075 0.01328125
0 0.1828125 0.075 0.03046875 0.04453125
0 0.315625 0.22734375 0.034375 0.0546875