0 0.91328125 0.946875 0.07109375 0.06484375
0 0.92734375 0.88828125 0.0546875 0.059375
0 0.96640625 0.83515625 0.0671875 0.0796875
0 0.98359375 0.7796875 0.03203125 0.06953125
0 0.90390625 0.8203125 0.07578125 0.06953125
0 0.8796875 0.77265625 0.07890625 0.06484375
0 0.92421875 0.70625 0.0453125 0.0578125
0 0.859375 0.68359375 0.0578125 0.07421875
0 0.8734375 0.63359375 0.05 0.0546875
0 0.92421875 0.62734375 0.0421875 0.0453125
0 0.91015625 0.56875 0.040625 0.046875
0 0.86953125 0.53125 0.0609375 0.05
0 0.825 0.55546875 0.03671875 0.03671875
0 0.8015625 0.56015625 0.02265625 0.03046875
0 0.77421875 0.5765625 0.03203125 0.03671875
0 0.68828125 0.6390625 0.03046875 0.0421875
0 0.73515625 0.72109375 0.03515625 0.03203125
0 0.77890625 0.48828125 0.03203125 0.03671875
0 0.9078125 0.44765625 0.02578125 0.02734375
0 0.9078125 0.41796875 0.03203125 0.02890625
0 0.959375 0.24140625 0.0453125 0.04375
0 0.93515625 0.15078125 0.090625 0.11796875
0 0.89296875 0.07421875 0.13671875 0.10625
0 0.8234375 0.1390625 0.046875 0.0515625
0 0.81953125 0.20390625 0.090625 0.07578125
0 0.8328125 0.0359375 0.06875 0.071875
0 0.7328125 0.0421875 0.14375 0.08359375
0 0.59296875 0.32265625 0.06640625 0.0421875
0 0.68828125 0.4109375 0.03671875 0.0515625
0 0.69375 0.50078125 0.02890625 0.03359375
0 0.6609375 0.509375 0.03203125 0.03203125
0 0.66953125 0.5328125 0.0390625 0.02421875
0 0.671875 0.5578125 0.04375 0.03203125
0 0.6203125 0.6734375 0.04375 0.05
0 0.55859375 0.8921875 0.040625 0.0453125
0 0.4921875 0.909375 0.0421875 0.03203125
0 0.46640625 0.94765625 0.07734375 0.06953125
0 0.45625 0.86171875 0.0390625 0.059375
0 0.49609375 0.81875 0.046875 0.046875
0 0.41953125 0.834375 0.0453125 0.06953125
0 0.30625 0.809375 0.06796875 0.0578125
0 0.27265625 0.84609375 0.0453125 0.05
0 0.1734375 0.95625 0.046875 0.0421875
0 0.05625 0.9796875 0.0390625 0.03671875
0 0.10625 0.73984375 0.08359375 0.08203125
0 0.2609375 0.70390625 0.0578125 0.05625
0 0.184375 0.79765625 0.05625 0.046875
0 0.31875 0.67421875 0.05625 0.07109375
0 0.4015625 0.6890625 0.0453125 0.0421875
0 0.33671875 0.578125 0.06484375 0.059375
0 0.3734375 0.6171875 0.06640625 0.06953125
0 0.47109375 0.6140625 0.0515625 0.06328125
0 0.56015625 0.525 0.08203125 0.059375
0 0.58125 0.5640625 0.059375 0.04375
0 0.459375 0.515625 0.07421875 0.06640625
0 0.4078125 0.49609375 0.0546875 0.05
0 0.503125 0.44765625 0.0453125 0.053125
0 0.53046875 0.41015625 0.03515625 0.03046875
0 0.5328125 0.38125 0.03359375 0.05
0 0.61328125 0.3859375 0.0546875 0.053125
0 0.5046875 0.35390625 0.0453125 0.06328125
0 0.50234375 0.2828125 0.08203125 0.1015625
0 0.31171875 0.43125 0.0921875 0.06640625
0 0.19375 0.59609375 0.0609375 0.1015625
0 0.26171875 0.521875 0.046875 0.059375
0 0.25234375 0.46953125 0.06640625 0.0546875
0 0.1828125 0.4390625 0.0984375 0.090625
0 0.190625 0.50078125 0.0578125 0.04375
0 0.12109375 0.53984375 0.0578125 0.06328125
0 0.1046875 0.44765625 0.06796875 0.07890625
0 0.20546875 0.35546875 0.07890625 0.06328125
0 0.2171875 0.17734375 0.07578125 0.08671875
0 0.140625 0.23515625 0.0421875 0.0421875
0 0.0578125 0.2328125 0.06484375 0.06953125
0 0.025 0.2515625 0.05 0.07109375
0 0.0234375 0.32890625 0.046875 0.08671875
0 0.02578125 0.42265625 0.0515625 0.11953125
0 0.2046875 0.040625 0.0546875 0.06484375
0 0.18046875 0.10546875 0.06484375 0.059375
0 0.2453125 0.08359375 0.0515625 0.0546875
0 0.73046875 0.98125 0.07109375 0.03671875
0 0.77890625 0.9046875 0.02890625 0.0421875
0 0.584375 0.98671875 0.02734375 0.02578125
0 0.653125 0.7609375 0.03203125 0.0515625