0 0.03828125 0.8984375 0.0765625 0.06953125
0 0.11875 0.9078125 0.07109375 0.08828125
0 0.0265625 0.98203125 0.053125 0.0359375
0 0.06328125 0.98984375 0.06953125 0.0203125
0 0.2421875 0.9578125 0.05625 0.0578125
0 0.34609375 0.9265625 0.03515625 0.03359375
0 0.30703125 0.94453125 0.05625 0.06171875
0 0.41796875 0.90703125 0.08828125 0.08984375
0 0.4765625 0.865625 0.03671875 0.04296875
0 0.46640625 0.9609375 0.06015625 0.078125
0 0.40546875 0.97265625 0.06953125 0.0546875
0 0.503125 0.9609375 0.1 0.078125
0 0.53046875 0.925 0.084375 0.06640625
0 0.63046875 0.97421875 0.09140625 0.0515625
0 0.60625 0.915625 0.0765625 0.09296875
0 0.6484375 0.8796875 0.0515625 0.07109375
0 0.49765625 0.80859375 0.0515625 0.046875
0 0.56171875 0.828125 0.06953125 0.06796875
0 0.603125 0.77109375 0.0796875 0.0765625
0 0.68515625 0.7515625 0.04453125 0.0484375
0 0.87734375 0.90546875 0.08984375 0.08984375
0 0.91328125 0.946875 0.0734375 0.0796875
0 0.97265625 0.80078125 0.0546875 0.1328125
0 0.7328125 0.83046875 0.0734375 0.0765625
0 0.79765625 0.8 0.05625 0.06796875
0 0.85546875 0.7609375 0.05625 0.0796875
0 0.896875 0.759375 0.04296875 0.06640625
0 0.0265625 0.6265625 0.053125 0.109375
0 0.084375 0.63125 0.06328125 0.0734375
0 0.1421875 0.56171875 0.08125 0.06015625
0 0.1984375 0.6109375 0.06171875 0.0765625
0 0.2234375 0.5625 0.06484375 0.0578125
0 0.24296875 0.7140625 0.084375 0.10625
0 0.27109375 0.725 0.06328125 0.075
0 0.29921875 0.66875 0.05625 0.0484375
0 0.31484375 0.628125 0.06171875 0.05625
0 0.46171875 0.6671875 0.09609375 0.128125
0 0.540625 0.6109375 0.11484375 0.1
0 0.2140625 0.43828125 0.06640625 0.06640625
0 0.3421875 0.45859375 0.046875 0.05625
0 0.29453125 0.425 0.06171875 0.06640625
0 0.19453125 0.3265625 0.09296875 0.1046875
0 0.14140625 0.2890625 0.0765625 0.0734375
0 0.03515625 0.16953125 0.06953125 0.06640625
0 0.1625 0.2015625 0.103125 0.1109375
0 0.13046875 0.13515625 0.084375 0.06484375
0 0.271875 0.075 0.11796875 0.0765625
0 0.3125 0.0265625 0.0734375 0.053125
0 0.34140625 0.0109375 0.06796875 0.021875
0 0.46953125 0.46015625 0.0515625 0.03984375
0 0.4875 0.43515625 0.0515625 0.05625
0 0.078125 0.51171875 0.04296875 0.05625
0 0.05234375 0.49765625 0.0484375 0.0484375
0 0.05859375 0.4625 0.03828125 0.025
0 0.01640625 0.49296875 0.0328125 0.0734375
0 0.99140625 0.6984375 0.01640625 0.06171875
0 0.97734375 0.68515625 0.04453125 0.06484375
0 0.92109375 0.67890625 0.075 0.07109375
0 0.6859375 0.58125 0.08671875 0.0796875
0 0.6484375 0.540625 0.06171875 0.084375
0 0.45546875 0.225 0.06015625 0.0578125
0 0.61875 0.15859375 0.08828125 0.08125
0 0.6953125 0.38203125 0.08125 0.0734375
0 0.73515625 0.31875 0.07109375 0.06640625
0 0.77421875 0.28515625 0.0765625 0.075
0 0.78125 0.45234375 0.08125 0.08125
0 0.8515625 0.4703125 0.06171875 0.0765625
0 0.80390625 0.35703125 0.06640625 0.05625
0 0.87109375 0.36796875 0.08125 0.06796875
0 0.87578125 0.31328125 0.0796875 0.084375
0 0.934375 0.3109375 0.075 0.0734375
0 0.984375 0.42578125 0.03125 0.078125
0 0.95625 0.39375 0.075 0.10625
0 0.978125 0.33125 0.04296875 0.09140625
0 0.965625 0.2515625 0.04453125 0.04453125
0 0.9890625 0.225 0.021875 0.07109375
0 0.9734375 0.18515625 0.053125 0.08828125
0 0.89609375 0.1078125 0.1015625 0.09609375
0 0.934375 0.06328125 0.09140625 0.103125
0 0.971875 0.03671875 0.05625 0.0734375
0 0.88359375 0.0109375 0.1 0.021875
0 0.7796875 0.0234375 0.075 0.046875
0 0.73359375 0.0078125 0.06484375 0.01484375
0 0.10625 0.765625 0.05625 0.05625