0 0.3703125 0.93984375 0.071875 0.08046875
0 0.43984375 0.95625 0.05703125 0.05703125
0 0.1515625 0.68515625 0.065625 0.07890625
0 0.08828125 0.765625 0.0453125 0.0484375
0 0.11328125 0.734375 0.0453125 0.05234375
0 0.0078125 0.659375 0.01484375 0.040625
0 0.07734375 0.578125 0.04375 0.0484375
0 0.01015625 0.421875 0.0203125 0.10234375
0 0.0375 0.12578125 0.075 0.0953125
0 0.06875 0.0578125 0.0703125 0.071875
0 0.10078125 0.01484375 0.0484375 0.0296875
0 0.18046875 0.0125 0.06875 0.025
0 0.2265625 0.03046875 0.06015625 0.06015625
0 0.26875 0.00625 0.04375 0.01171875
0 0.25234375 0.06640625 0.06875 0.071875
0 0.2984375 0.08125 0.046875 0.0484375
0 0.1921875 0.24296875 0.0484375 0.046875
0 0.190625 0.27890625 0.0484375 0.040625
0 0.12109375 0.565625 0.040625 0.046875
0 0.27890625 0.52578125 0.0640625 0.06171875
0 0.42265625 0.7578125 0.046875 0.0453125
0 0.5375 0.828125 0.05859375 0.065625
0 0.5453125 0.88203125 0.046875 0.0484375
0 0.5953125 0.84375 0.0875 0.090625
0 0.6578125 0.8890625 0.03359375 0.040625
0 0.61171875 0.89921875 0.071875 0.0640625
0 0.64765625 0.78359375 0.0703125 0.07734375
0 0.6328125 0.97109375 0.05703125 0.05390625
0 0.74375 0.95703125 0.071875 0.08203125
0 0.81796875 0.96796875 0.07578125 0.0640625
0 0.8265625 0.93515625 0.07890625 0.0453125
0 0.8421875 0.90390625 0.09375 0.07578125
0 0.92109375 0.81484375 0.090625 0.0953125
0 0.8875 0.8671875 0.090625 0.0703125
0 0.96171875 0.75078125 0.0765625 0.0609375
0 0.921875 0.69140625 0.071875 0.0640625
0 0.80703125 0.6015625 0.07734375 0.07578125
0 0.8453125 0.56640625 0.0640625 0.0859375
0 0.76796875 0.5515625 0.0890625 0.09921875
0 0.55546875 0.56875 0.08046875 0.0875
0 0.4640625 0.5828125 0.09921875 0.10546875
0 0.51171875 0.5109375 0.08046875 0.07890625
0 0.48203125 0.8109375 0.03828125 0.03515625
0 0.11328125 0.496875 0.0484375 0.046875
0 0.1609375 0.475 0.040625 0.046875
0 0.11484375 0.09140625 0.0484375 0.0453125
0 0.3203125 0.03046875 0.0734375 0.06015625
0 0.37265625 0.10078125 0.08046875 0.09375
0 0.42109375 0.1390625 0.0671875 0.0671875
0 0.3234375 0.12578125 0.0671875 0.06015625
0 0.3828125 0.17265625 0.08046875 0.0640625
0 0.4640625 0.24765625 0.05234375 0.05859375
0 0.3984375 0.2640625 0.0859375 0.07578125
0 0.41875 0.31015625 0.0859375 0.0703125
0 0.3453125 0.3890625 0.04375 0.040625
0 0.39453125 0.5484375 0.04375 0.040625
0 0.384375 0.590625 0.05390625 0.05703125
0 0.54140625 0.01328125 0.06171875 0.0265625
0 0.62421875 0.08359375 0.0734375 0.0703125
0 0.665625 0.17421875 0.05234375 0.05703125
0 0.5640625 0.26328125 0.06015625 0.06015625
0 0.5765625 0.30703125 0.03515625 0.03671875
0 0.54140625 0.22578125 0.03515625 0.0453125
0 0.50078125 0.19140625 0.02890625 0.03359375
0 0.4015625 0.22421875 0.05234375 0.05546875
0 0.646875 0.33671875 0.06171875 0.05859375
0 0.746875 0.24140625 0.0671875 0.0671875
0 0.7 0.021875 0.0671875 0.04375
0 0.73203125 0.0578125 0.05234375 0.06171875
0 0.775 0.03046875 0.05390625 0.06015625
0 0.76796875 0.07890625 0.05859375 0.0671875
0 0.8234375 0.0671875 0.05703125 0.06015625
0 0.8546875 0.0953125 0.06171875 0.05703125
0 0.81875 0.13515625 0.05703125 0.07578125
0 0.87265625 0.1375 0.05703125 0.05703125
0 0.9171875 0.2109375 0.07578125 0.0953125
0 0.95546875 0.25390625 0.065625 0.08203125
0 0.99375 0.27578125 0.01171875 0.06875
0 0.84140625 0.29765625 0.0859375 0.09921875
0 0.9171875 0.38125 0.065625 0.06015625
0 0.9765625 0.425 0.046875 0.0421875
0 0.99296875 0.45390625 0.01328125 0.0453125
0 0.9546875 0.46171875 0.05703125 0.06015625
0 0.67265625 0.9890625 0.1140625 0.021875
0 0.70859375 0.50390625 0.07578125 0.07890625
0 0.73984375 0.42734375 0.05390625 0.05234375
0 0.6734375 0.44609375 0.071875 0.09375
0 0.5015625 0.03359375 0.0265625 0.03671875
0 0.06796875 0.33671875 0.0484375 0.0453125
0 0.0484375 0.78828125 0.03046875 0.03359375
0 0.0046875 0.8484375 0.009375 0.03125
0 0.2859375 0.8 0.02890625 0.03046875
0 0.2625 0.81796875 0.02890625 0.02890625