0 0.98671875 0.63828125 0.0265625 0.1796875
0 0.9765625 0.690625 0.04375 0.0359375
0 0.9359375 0.6234375 0.0609375 0.06796875
0 0.86171875 0.68125 0.1171875 0.08125
0 0.846875 0.63203125 0.1203125 0.09140625
0 0.74921875 0.7203125 0.11171875 0.08125
0 0.690625 0.65546875 0.096875 0.096875
0 0.76328125 0.9140625 0.0421875 0.04921875
0 0.80234375 0.953125 0.0421875 0.0390625
0 0.76796875 0.98828125 0.0578125 0.0234375
0 0.63046875 0.990625 0.078125 0.01875
0 0.64453125 0.95 0.07265625 0.0625
0 0.56640625 0.93671875 0.08125 0.0625
0 0.5609375 0.8625 0.07421875 0.07421875
0 0.62578125 0.865625 0.0578125 0.08984375
0 0.6328125 0.76171875 0.09296875 0.08671875
0 0.69921875 0.79609375 0.05625 0.04921875
0 0.55546875 0.75859375 0.02890625 0.02578125
0 0.546875 0.7265625 0.02890625 0.02890625
0 0.58984375 0.70234375 0.04375 0.0390625
0 0.5578125 0.68828125 0.03046875 0.02734375
0 0.5171875 0.66171875 0.04765625 0.059375
0 0.565625 0.5875 0.09296875 0.103125
0 0.50703125 0.49375 0.09453125 0.08671875
0 0.4828125 0.59375 0.08125 0.06953125
0 0.44921875 0.6734375 0.0609375 0.0765625
0 0.490625 0.72265625 0.05234375 0.04921875
0 0.5125 0.778125 0.0421875 0.03359375
0 0.44921875 0.88984375 0.04765625 0.04375
0 0.48125 0.96640625 0.071875 0.0671875
0 0.3765625 0.98828125 0.0578125 0.0234375
0 0.39609375 0.92578125 0.096875 0.078125
0 0.3375 0.88046875 0.0640625 0.06953125
0 0.4265625 0.865625 0.02890625 0.03203125
0 0.39609375 0.8390625 0.0390625 0.0375
0 0.353125 0.809375 0.05234375 0.04921875
0 0.33046875 0.78046875 0.05390625 0.04609375
0 0.35078125 0.7390625 0.04375 0.040625
0 0.36875 0.69296875 0.0625 0.0578125
0 0.4078125 0.646875 0.05234375 0.04921875
0 0.42734375 0.578125 0.05390625 0.05390625
0 0.36015625 0.59765625 0.04921875 0.05234375
0 0.39296875 0.58984375 0.03359375 0.0375
0 0.353125 0.64453125 0.05234375 0.05625
0 0.30859375 0.6984375 0.0578125 0.04375
0 0.30078125 0.75078125 0.04921875 0.04765625
0 0.24375 0.86015625 0.12890625 0.1203125
0 0.30390625 0.9140625 0.0765625 0.0625
0 0.22109375 0.98984375 0.06953125 0.0203125
0 0.26171875 0.95703125 0.07265625 0.0625
0 0.184375 0.95078125 0.08125 0.07421875
0 0.1390625 0.98125 0.0609375 0.0375
0 0.03984375 0.99375 0.06640625 0.01171875
0 0.07421875 0.95859375 0.115625 0.0828125
0 0.05078125 0.909375 0.1015625 0.11328125
0 0.12421875 0.85078125 0.04921875 0.0640625
0 0.16328125 0.7859375 0.05234375 0.05625
0 0.16640625 0.70546875 0.0640625 0.078125
0 0.07890625 0.77421875 0.0765625 0.078125
0 0.00390625 0.778125 0.0078125 0.03125
0 0.00390625 0.72890625 0.0078125 0.0390625
0 0.06171875 0.696875 0.0421875 0.04375
0 0.0625 0.60390625 0.0578125 0.059375
0 0.03984375 0.57890625 0.05625 0.05234375
0 0.0109375 0.54140625 0.021875 0.0625
0 0.23359375 0.68359375 0.04765625 0.04921875
0 0.265625 0.71796875 0.04921875 0.05234375
0 0.2578125 0.65625 0.0578125 0.0578125
0 0.28984375 0.61171875 0.04765625 0.07109375
0 0.2390625 0.60859375 0.0578125 0.0609375
0 0.18984375 0.63671875 0.06796875 0.07265625
0 0.12265625 0.56953125 0.05625 0.0640625
0 0.146875 0.603125 0.05234375 0.05390625
0 0.20703125 0.5609375 0.05390625 0.0578125
0 0.2671875 0.55546875 0.059375 0.0625
0 0.24609375 0.51015625 0.078125 0.07109375
0 0.15078125 0.465625 0.0984375 0.08671875
0 0.12890625 0.39765625 0.07109375 0.0765625
0 0.1875 0.4078125 0.0421875 0.0390625
0 0.09140625 0.49296875 0.03359375 0.03046875
0 0.1265625 0.5171875 0.02890625 0.040625
0 0.0859375 0.54609375 0.05234375 0.0609375
0 0.05703125 0.5140625 0.0390625 0.04609375
0 0.0296875 0.490625 0.04609375 0.04609375
0 0.03515625 0.43515625 0.0703125 0.0703125
0 0.0046875 0.4515625 0.009375 0.046875
0 0.028125 0.36953125 0.05625 0.08125
0 0.73203125 0.3640625 0.04765625 0.04375
0 0.38828125 0.4625 0.07109375 0.09453125
0 0.44140625 0.4421875 0.04921875 0.0609375
0 0.4078125 0.3734375 0.0625 0.0625
0 0.33203125 0.33984375 0.04375 0.0390625
0 0.42734375 0.28984375 0.08828125 0.12578125
0 0.50390625 0.315625 0.0765625 0.078125
0 0.35390625 0.215625 0.0609375 0.078125
0 0.36171875 0.1515625 0.0625 0.04609375
0 0.3875 0.1796875 0.0390625 0.04375
0 0.4890625 0.109375 0.0828125 0.0828125
0 0.38828125 0.09765625 0.07109375 0.0625
0 0.415625 0.13359375 0.0375 0.04375
0 0.43359375 0.078125 0.0375 0.04375
0 0.42421875 0.01796875 0.05625 0.0359375
0 0.3734375 0.003125 0.04375 0.00625
0 0.6375 0.0640625 0.04375 0.0375
0 0.6625 0.0296875 0.04375 0.0421875
0 0.609375 0.00703125 0.06640625 0.01328125
0 0.22734375 0.03046875 0.10546875 0.0609375
0 0.23359375 0.13125 0.07421875 0.06640625
0 0.23046875 0.08125 0.04765625 0.03046875
0 0.1484375 0.11953125 0.04609375 0.05234375
0 0.1265625 0.090625 0.04921875 0.0390625
0 0.09921875 0.1265625 0.04921875 0.04921875
0 0.0484375 0.19765625 0.0390625 0.0421875
0 0.00546875 0.196875 0.01015625 0.03046875
0 0.14140625 0.3296875 0.0421875 0.04609375