0 0.98984375 0.02734375 0.01953125 0.05390625
0 0.95703125 0.02890625 0.07578125 0.05703125
0 0.9890625 0.08515625 0.02109375 0.0625
0 0.97578125 0.0640625 0.0484375 0.046875
0 0.9578125 0.10390625 0.0609375 0.04765625
0 0.91953125 0.06640625 0.07578125 0.0703125
0 0.97734375 0.12265625 0.0453125 0.0484375
0 0.846875 0.09765625 0.04453125 0.04765625
0 0.80546875 0.16953125 0.04765625 0.04765625
0 0.5671875 0.08359375 0.0625 0.0625
0 0.65234375 0.07421875 0.065625 0.0609375
0 0.49921875 0.03125 0.08359375 0.0625
0 0.3734375 0.0640625 0.06875 0.07578125
0 0.31640625 0.1921875 0.071875 0.07578125
0 0.41875 0.2421875 0.0609375 0.0609375
0 0.4734375 0.2484375 0.06875 0.0703125
0 0.5203125 0.265625 0.04765625 0.04609375
0 0.58125 0.2359375 0.0609375 0.071875
0 0.7453125 0.21171875 0.0640625 0.07890625
0 0.6578125 0.240625 0.11328125 0.07578125
0 0.921875 0.15390625 0.0609375 0.071875
0 0.91875 0.21015625 0.0703125 0.1046875
0 0.84375 0.19375 0.08671875 0.0984375
0 0.89765625 0.28515625 0.08359375 0.0953125
0 0.8625 0.23046875 0.065625 0.04765625
0 0.84921875 0.2640625 0.05234375 0.05546875
0 0.8109375 0.28046875 0.08046875 0.08828125
0 0.75703125 0.3015625 0.0625 0.065625
0 0.75625 0.38359375 0.04765625 0.0390625
0 0.69453125 0.3234375 0.15546875 0.1359375
0 0.5515625 0.3546875 0.1296875 0.12265625
0 0.4859375 0.39453125 0.0734375 0.08984375
0 0.453125 0.3515625 0.096875 0.11328125
0 0.38203125 0.32265625 0.15078125 0.15703125
0 0.28671875 0.32734375 0.059375 0.0703125
0 0.2203125 0.40234375 0.08046875 0.08984375
0 0.15 0.34375 0.08046875 0.09375
0 0.06171875 0.446875 0.08046875 0.08046875
0 0.1109375 0.41875 0.04765625 0.08046875
0 0.1734375 0.1265625 0.065625 0.06875
0 0.1203125 0.1125 0.05078125 0.0609375
0 0.0359375 0.1484375 0.04609375 0.04453125
0 0.01171875 0.11015625 0.02265625 0.04296875
0 0.971875 0.5703125 0.05546875 0.059375
0 0.9390625 0.6046875 0.071875 0.07578125
0 0.884375 0.58515625 0.0734375 0.07578125
0 0.853125 0.5453125 0.0734375 0.0671875
0 0.80078125 0.48984375 0.0703125 0.07578125
0 0.759375 0.45390625 0.08515625 0.06875
0 0.72890625 0.4 0.0640625 0.065625
0 0.6546875 0.39765625 0.08046875 0.08984375
0 0.68515625 0.44609375 0.0921875 0.065625
0 0.7203125 0.48359375 0.08046875 0.07890625
0 0.75078125 0.52265625 0.071875 0.07890625
0 0.784375 0.5765625 0.103125 0.08046875
0 0.8234375 0.60703125 0.09375 0.08984375
0 0.853125 0.6453125 0.08671875 0.08984375
0 0.89375 0.67109375 0.071875 0.08046875
0 0.92265625 0.72265625 0.065625 0.0625
0 0.98359375 0.63359375 0.0328125 0.0671875
0 0.9765625 0.6703125 0.046875 0.059375
0 0.97421875 0.7203125 0.05078125 0.05390625
0 0.9671875 0.78125 0.065625 0.0671875
0 0.9125 0.765625 0.0671875 0.07578125
0 0.93125 0.81640625 0.071875 0.0921875
0 0.86953125 0.81875 0.0671875 0.08046875
0 0.81640625 0.865625 0.071875 0.0921875
0 0.75546875 0.7859375 0.07578125 0.05703125
0 0.6078125 0.565625 0.14453125 0.14453125
0 0.8484375 0.7140625 0.103125 0.11015625
0 0.76875 0.71171875 0.0953125 0.11171875
0 0.64296875 0.69296875 0.0625 0.0640625
0 0.89375 0.91640625 0.065625 0.07578125
0 0.928125 0.9671875 0.0984375 0.065625
0 0.865625 0.9578125 0.07578125 0.08359375
0 0.79765625 0.95546875 0.08359375 0.08828125
0 0.6796875 0.915625 0.0609375 0.0609375
0 0.65546875 0.8640625 0.065625 0.05234375
0 0.61171875 0.9234375 0.059375 0.08359375
0 0.5390625 0.9375 0.0390625 0.05234375
0 0.490625 0.4984375 0.0640625 0.059375
0 0.49921875 0.54453125 0.05390625 0.05234375
0 0.36796875 0.48203125 0.0375 0.0390625
0 0.27578125 0.52109375 0.07578125 0.07890625
0 0.05 0.53046875 0.0703125 0.08046875
0 0.36171875 0.56875 0.11015625 0.1078125
0 0.41953125 0.640625 0.05234375 0.06875
0 0.32109375 0.62109375 0.07578125 0.06875
0 0.3078125 0.67265625 0.07890625 0.0671875
0 0.253125 0.65078125 0.07734375 0.07578125
0 0.209375 0.61484375 0.05078125 0.04296875
0 0.1734375 0.6296875 0.06875 0.059375
0 0.15234375 0.5953125 0.0921875 0.07578125
0 0.1328125 0.5515625 0.06875 0.0734375
0 0.0890625 0.5484375 0.04453125 0.0703125
0 0.0140625 0.34375 0.028125 0.04765625
0 0.08359375 0.06875 0.07890625 0.05234375
0 0.0203125 0.01796875 0.040625 0.0359375
0 0.6140625 0.765625 0.09375 0.0921875
0 0.6140625 0.83515625 0.0703125 0.0609375
0 0.58671875 0.8703125 0.0921875 0.06875
0 0.55390625 0.81171875 0.05546875 0.07578125
0 0.4875 0.80234375 0.0734375 0.05703125
0 0.471875 0.75078125 0.059375 0.065625
0 0.5390625 0.696875 0.04296875 0.05546875
0 0.36171875 0.7484375 0.0734375 0.08984375
0 0.3 0.746875 0.07578125 0.08671875
0 0.4078125 0.79609375 0.1078125 0.07734375
0 0.38671875 0.83984375 0.0921875 0.08359375
0 0.49921875 0.9 0.07734375 0.0625
0 0.4203125 0.89921875 0.08984375 0.08046875
0 0.49765625 0.93828125 0.0640625 0.0609375
0 0.45078125 0.95703125 0.06875 0.05234375
0 0.37890625 0.953125 0.11171875 0.09375
0 0.32265625 0.9140625 0.05546875 0.04765625
0 0.32265625 0.975 0.0578125 0.05
0 0.2203125 0.9609375 0.05703125 0.065625
0 0.16875 0.971875 0.07578125 0.05546875
0 0.1109375 0.965625 0.0609375 0.05546875
0 0.128125 0.9875 0.140625 0.02421875