0 0.96640625 0.03359375 0.0640625 0.05
0 0.92578125 0.015625 0.0796875 0.03125
0 0.98125 0.0546875 0.0375 0.05
0 0.8484375 0.0265625 0.046875 0.05
0 0.80546875 0.103125 0.05 0.05
0 0.55390625 0.02265625 0.065625 0.0453125
0 0.64375 0.0171875 0.06953125 0.034375
0 0.34921875 0.015625 0.07265625 0.03125
0 0.2890625 0.1265625 0.07578125 0.0796875
0 0.396875 0.17890625 0.0640625 0.0640625
0 0.4546875 0.1859375 0.07265625 0.07421875
0 0.5046875 0.20390625 0.05 0.0484375
0 0.56796875 0.17265625 0.0640625 0.07578125
0 0.74140625 0.146875 0.0671875 0.0828125
0 0.65 0.178125 0.11953125 0.0796875
0 0.928125 0.08671875 0.0640625 0.07578125
0 0.925 0.1453125 0.07421875 0.1109375
0 0.8453125 0.128125 0.09140625 0.10390625
0 0.90234375 0.225 0.08828125 0.1
0 0.86484375 0.1671875 0.06953125 0.05
0 0.8515625 0.20234375 0.05546875 0.05859375
0 0.8109375 0.21953125 0.08515625 0.09375
0 0.7546875 0.2421875 0.065625 0.06953125
0 0.753125 0.32890625 0.05 0.04140625
0 0.6875 0.265625 0.1640625 0.14375
0 0.5375 0.2984375 0.13671875 0.1296875
0 0.46796875 0.33984375 0.078125 0.0953125
0 0.43359375 0.2953125 0.10234375 0.11953125
0 0.3578125 0.26484375 0.159375 0.16640625
0 0.2578125 0.26875 0.0625 0.07421875
0 0.1875 0.3484375 0.08515625 0.0953125
0 0.11328125 0.28671875 0.08515625 0.0984375
0 0.03125 0.3953125 0.0625 0.08515625
0 0.071875 0.365625 0.05 0.08515625
0 0.13828125 0.05703125 0.06953125 0.07265625
0 0.08203125 0.0421875 0.05390625 0.0640625
0 0.00859375 0.08046875 0.0171875 0.046875
0 0.97578125 0.52578125 0.0484375 0.0625
0 0.94609375 0.5625 0.07578125 0.0796875
0 0.88828125 0.54140625 0.078125 0.0796875
0 0.85546875 0.49921875 0.078125 0.07109375
0 0.8 0.44140625 0.07421875 0.0796875
0 0.75625 0.403125 0.08984375 0.07265625
0 0.72421875 0.34609375 0.0671875 0.06953125
0 0.64609375 0.34375 0.08515625 0.0953125
0 0.678125 0.39453125 0.096875 0.06953125
0 0.715625 0.434375 0.08515625 0.0828125
0 0.74765625 0.47578125 0.07578125 0.0828125
0 0.7828125 0.53203125 0.109375 0.08515625
0 0.82421875 0.56484375 0.0984375 0.0953125
0 0.85546875 0.6046875 0.09140625 0.0953125
0 0.89765625 0.63203125 0.07578125 0.08515625
0 0.92890625 0.68671875 0.06953125 0.065625
0 0.9875 0.5921875 0.02421875 0.07109375
0 0.98046875 0.63125 0.0390625 0.0625
0 0.978125 0.684375 0.04296875 0.05703125
0 0.9703125 0.7484375 0.05859375 0.07109375
0 0.91796875 0.73203125 0.07109375 0.0796875
0 0.9375 0.78515625 0.07578125 0.096875
0 0.87265625 0.78828125 0.07109375 0.08515625
0 0.81640625 0.8375 0.07578125 0.096875
0 0.75234375 0.753125 0.0796875 0.0609375
0 0.596875 0.52109375 0.15234375 0.15234375
0 0.85 0.67734375 0.109375 0.115625
0 0.76640625 0.675 0.1 0.11796875
0 0.63359375 0.6546875 0.065625 0.0671875
0 0.89765625 0.890625 0.06953125 0.0796875
0 0.934375 0.9546875 0.10390625 0.08984375
0 0.86875 0.9453125 0.0796875 0.109375
0 0.796875 0.94296875 0.08828125 0.1140625
0 0.671875 0.88984375 0.0640625 0.0640625
0 0.646875 0.8359375 0.06953125 0.05546875
0 0.6 0.8984375 0.0625 0.08828125
0 0.52421875 0.91328125 0.04140625 0.05546875
0 0.4734375 0.45 0.0671875 0.0625
0 0.48203125 0.4984375 0.05703125 0.05546875
0 0.34375 0.4328125 0.03984375 0.04140625
0 0.2453125 0.47421875 0.0796875 0.0828125
0 0.02265625 0.48359375 0.0453125 0.08515625
0 0.33671875 0.52421875 0.115625 0.1140625
0 0.39765625 0.6 0.05546875 0.07265625
0 0.29375 0.5796875 0.0796875 0.07265625
0 0.28046875 0.634375 0.0828125 0.07109375
0 0.22265625 0.6109375 0.08125 0.0796875
0 0.17578125 0.57265625 0.05390625 0.0453125
0 0.13828125 0.58828125 0.07265625 0.0625
0 0.115625 0.5515625 0.096875 0.0796875
0 0.0953125 0.50625 0.07265625 0.078125
0 0.04921875 0.50234375 0.046875 0.07421875
0 0.04296875 0.0125 0.0828125 0.02421875
0 0.603125 0.73203125 0.0984375 0.096875
0 0.603125 0.80546875 0.07421875 0.0640625
0 0.57421875 0.8421875 0.096875 0.07265625
0 0.53984375 0.78046875 0.05859375 0.0796875
0 0.46953125 0.77109375 0.078125 0.0609375
0 0.453125 0.71640625 0.0625 0.06953125
0 0.52421875 0.659375 0.0453125 0.05859375
0 0.33671875 0.71328125 0.078125 0.0953125
0 0.271875 0.71171875 0.0796875 0.09140625
0 0.3859375 0.7640625 0.1140625 0.08125
0 0.36328125 0.8109375 0.096875 0.08828125
0 0.48203125 0.8734375 0.08125 0.065625
0 0.3984375 0.87265625 0.0953125 0.08515625
0 0.48046875 0.9140625 0.0671875 0.0640625
0 0.43046875 0.934375 0.07265625 0.05546875
0 0.35546875 0.93984375 0.1171875 0.1203125
0 0.29609375 0.88828125 0.05859375 0.05
0 0.2953125 0.95625 0.0609375 0.05703125
0 0.30625 0.9921875 0.10390625 0.015625
0 0.1875 0.9375 0.0609375 0.06953125
0 0.13359375 0.9515625 0.0796875 0.0625
0 0.071875 0.94296875 0.0640625 0.05859375
0 0.08984375 0.9765625 0.1484375 0.046875