0 0.0125 0.13125 0.02421875 0.05546875
0 0.03984375 0.0875 0.05703125 0.06484375
0 0.190625 0.01328125 0.09921875 0.02578125
0 0.34765625 0.053125 0.06484375 0.0734375
0 0.39921875 0.01484375 0.06484375 0.02890625
0 0.44296875 0.10625 0.05546875 0.10546875
0 0.37578125 0.1453125 0.06015625 0.11171875
0 0.47578125 0.1671875 0.0359375 0.0453125
0 0.43125 0.2421875 0.0921875 0.10078125
0 0.309375 0.30625 0.06015625 0.0734375
0 0.4296875 0.334375 0.0796875 0.075
0 0.484375 0.37734375 0.0859375 0.09609375
0 0.0171875 0.78359375 0.034375 0.0765625
0 0.0921875 0.8828125 0.10078125 0.1203125
0 0.14609375 0.85234375 0.090625 0.09765625
0 0.2484375 0.9546875 0.10390625 0.090625
0 0.34765625 0.85703125 0.084375 0.0875
0 0.50703125 0.94375 0.0890625 0.06640625
0 0.63984375 0.978125 0.07109375 0.04375
0 0.8765625 0.98046875 0.1234375 0.0390625
0 0.825 0.85859375 0.06484375 0.06796875
0 0.909375 0.87421875 0.06171875 0.05703125
0 0.96953125 0.97578125 0.0609375 0.0484375
0 0.9875 0.865625 0.02421875 0.10078125
0 0.96640625 0.8234375 0.06328125 0.06484375
0 0.92421875 0.775 0.10859375 0.0859375
0 0.7109375 0.834375 0.078125 0.084375
0 0.63203125 0.771875 0.09921875 0.11875
0 0.30859375 0.74765625 0.10078125 0.0796875
0 0.08359375 0.79765625 0.06015625 0.05703125
0 0.171875 0.6421875 0.075 0.06640625
0 0.03984375 0.5390625 0.0796875 0.075
0 0.19453125 0.565625 0.06484375 0.06015625
0 0.20703125 0.496875 0.0921875 0.084375
0 0.5671875 0.6140625 0.10546875 0.10234375
0 0.58125 0.51484375 0.05859375 0.05859375
0 0.65703125 0.59140625 0.04375 0.05
0 0.67265625 0.640625 0.046875 0.05390625
0 0.721875 0.6390625 0.06953125 0.0828125
0 0.840625 0.68671875 0.090625 0.10703125
0 0.9265625 0.6875 0.09765625 0.06953125
0 0.978125 0.7578125 0.04375 0.0421875
0 0.98828125 0.77734375 0.02265625 0.06796875
0 0.99140625 0.71953125 0.0171875 0.0359375
0 0.95703125 0.64921875 0.0734375 0.090625
0 0.88984375 0.60703125 0.09453125 0.10703125
0 0.82578125 0.578125 0.0890625 0.05859375
0 0.83515625 0.53359375 0.0734375 0.05390625
0 0.75546875 0.50390625 0.05703125 0.046875
0 0.825 0.49296875 0.06796875 0.06015625
0 0.78203125 0.478125 0.04375 0.046875
0 0.73671875 0.46328125 0.06171875 0.046875
0 0.7296875 0.42890625 0.04375 0.0453125
0 0.77265625 0.43125 0.06484375 0.06640625
0 0.846875 0.459375 0.05 0.06796875
0 0.8765625 0.4109375 0.084375 0.06796875
0 0.91171875 0.45 0.0734375 0.06484375
0 0.959375 0.45625 0.05859375 0.06484375
0 0.97578125 0.48203125 0.0484375 0.09765625
0 0.965625 0.3921875 0.06796875 0.06640625
0 0.96953125 0.32734375 0.0609375 0.0828125
0 0.92265625 0.34140625 0.0734375 0.06953125
0 0.80546875 0.36953125 0.06796875 0.06328125
0 0.590625 0.4125 0.1265625 0.0875
0 0.6671875 0.47265625 0.10390625 0.10703125
0 0.56328125 0.16171875 0.05546875 0.046875
0 0.57734375 0.23125 0.046875 0.046875
0 0.82578125 0.115625 0.0890625 0.11015625
0 0.78359375 0.03671875 0.05 0.046875
0 0.82109375 0.2390625 0.05546875 0.06953125
0 0.840625 0.28671875 0.075 0.0828125
0 0.90546875 0.284375 0.06171875 0.075
0 0.86953125 0.334375 0.09609375 0.09765625
0 0.95078125 0.26484375 0.05703125 0.075
0 0.8703125 0.22734375 0.06171875 0.078125
0 0.921875 0.2125 0.078125 0.0875
0 0.97890625 0.24375 0.0421875 0.10078125
0 0.5125 0.0796875 0.06015625 0.06484375
0 0.96484375 0.0125 0.04375 0.02421875
0 0.01328125 0.3796875 0.02578125 0.07109375
0 0.00390625 0.3046875 0.0078125 0.05
0 0.32734375 0.36953125 0.03046875 0.03046875