0 0.02109375 0.15234375 0.0421875 0.053125
0 0.05703125 0.11015625 0.0546875 0.06328125
0 0.20390625 0.025 0.09609375 0.05
0 0.35546875 0.0765625 0.06328125 0.07109375
0 0.40546875 0.0265625 0.06328125 0.053125
0 0.4484375 0.128125 0.053125 0.10234375
0 0.3828125 0.165625 0.0578125 0.10859375
0 0.4796875 0.18671875 0.034375 0.04375
0 0.4359375 0.259375 0.08984375 0.09765625
0 0.31875 0.321875 0.0578125 0.07109375
0 0.434375 0.34921875 0.07734375 0.07265625
0 0.48828125 0.390625 0.08359375 0.09296875
0 0.02578125 0.78359375 0.0515625 0.07421875
0 0.10859375 0.88046875 0.09765625 0.11640625
0 0.16015625 0.85078125 0.08828125 0.09453125
0 0.25859375 0.953125 0.1015625 0.09375
0 0.35546875 0.85546875 0.08203125 0.08515625
0 0.51015625 0.93984375 0.08671875 0.06484375
0 0.63828125 0.97578125 0.06953125 0.0484375
0 0.86796875 0.978125 0.11953125 0.04375
0 0.81796875 0.85703125 0.06328125 0.06640625
0 0.89921875 0.871875 0.059375 0.0546875
0 0.9640625 0.9734375 0.071875 0.053125
0 0.98203125 0.86328125 0.0359375 0.09765625
0 0.95546875 0.82265625 0.0609375 0.06328125
0 0.9140625 0.77578125 0.10546875 0.08359375
0 0.7078125 0.83359375 0.07578125 0.08203125
0 0.63125 0.77265625 0.09609375 0.11484375
0 0.31796875 0.74921875 0.09765625 0.07734375
0 0.1 0.79765625 0.0578125 0.0546875
0 0.18515625 0.646875 0.07265625 0.06484375
0 0.0515625 0.546875 0.08828125 0.07265625
0 0.2078125 0.5734375 0.06328125 0.0578125
0 0.21953125 0.50625 0.08984375 0.08203125
0 0.56875 0.6203125 0.10234375 0.09921875
0 0.58203125 0.5234375 0.05625 0.05625
0 0.6546875 0.5984375 0.0421875 0.0484375
0 0.6703125 0.6453125 0.0453125 0.0515625
0 0.71796875 0.64375 0.06796875 0.08046875
0 0.83359375 0.690625 0.08828125 0.10390625
0 0.91640625 0.69140625 0.09453125 0.06796875
0 0.96953125 0.759375 0.0484375 0.040625
0 0.9828125 0.778125 0.034375 0.06640625
0 0.9859375 0.721875 0.028125 0.034375
0 0.94609375 0.65390625 0.07109375 0.08828125
0 0.88046875 0.61328125 0.09140625 0.10390625
0 0.81875 0.58515625 0.08671875 0.05625
0 0.828125 0.54140625 0.07109375 0.0515625
0 0.75078125 0.51328125 0.0546875 0.0453125
0 0.81796875 0.50234375 0.06640625 0.0578125
0 0.77578125 0.48828125 0.0421875 0.0453125
0 0.7328125 0.47421875 0.059375 0.0453125
0 0.72578125 0.440625 0.0421875 0.04375
0 0.7671875 0.44296875 0.06328125 0.06484375
0 0.8390625 0.4703125 0.0484375 0.06640625
0 0.86796875 0.42265625 0.08203125 0.06640625
0 0.9015625 0.4609375 0.07109375 0.06328125
0 0.9484375 0.4671875 0.05625 0.06328125
0 0.9671875 0.4921875 0.053125 0.09453125
0 0.96015625 0.40546875 0.0796875 0.0640625
0 0.9640625 0.34296875 0.071875 0.0796875
0 0.9125 0.35625 0.07109375 0.06796875
0 0.7984375 0.3828125 0.06640625 0.0609375
0 0.59140625 0.42421875 0.12265625 0.08515625
0 0.66484375 0.4828125 0.10078125 0.10390625
0 0.56484375 0.18125 0.053125 0.0453125
0 0.578125 0.24921875 0.0453125 0.0453125
0 0.81875 0.13671875 0.08671875 0.10703125
0 0.77734375 0.06015625 0.0484375 0.0453125
0 0.81484375 0.25703125 0.053125 0.06796875
0 0.83359375 0.30234375 0.07265625 0.08046875
0 0.89609375 0.3 0.059375 0.07265625
0 0.8609375 0.34921875 0.09296875 0.09453125
0 0.93984375 0.28125 0.0546875 0.07265625
0 0.86171875 0.2453125 0.059375 0.07578125
0 0.91171875 0.23125 0.07578125 0.08515625
0 0.9734375 0.2609375 0.053125 0.09765625
0 0.51484375 0.10234375 0.0578125 0.06328125
0 0.95390625 0.02890625 0.0421875 0.0390625
0 0.021875 0.39296875 0.04375 0.06953125
0 0.01328125 0.3203125 0.0265625 0.0484375
0 0.3359375 0.3828125 0.0296875 0.0296875