0 0.975 0.3890625 0.05 0.17578125
0 0.953125 0.33671875 0.04296875 0.03515625
0 0.91328125 0.40234375 0.06015625 0.06640625
0 0.84140625 0.3453125 0.11484375 0.0796875
0 0.8265625 0.39375 0.11796875 0.08984375
0 0.73125 0.30703125 0.109375 0.0796875
0 0.6734375 0.37109375 0.09453125 0.09453125
0 0.7453125 0.1171875 0.04140625 0.0484375
0 0.78359375 0.07890625 0.04140625 0.03828125
0 0.93359375 0.01484375 0.08671875 0.0296875
0 0.74921875 0.03203125 0.05625 0.0484375
0 0.6984375 0.0125 0.04140625 0.025
0 0.61484375 0.02578125 0.0765625 0.0515625
0 0.62890625 0.08203125 0.07109375 0.06171875
0 0.5515625 0.0953125 0.0796875 0.06171875
0 0.546875 0.16796875 0.0734375 0.0734375
0 0.609375 0.165625 0.05625 0.08828125
0 0.6171875 0.26640625 0.09140625 0.084375
0 0.68203125 0.23359375 0.0546875 0.0484375
0 0.540625 0.2703125 0.028125 0.025
0 0.53203125 0.3015625 0.028125 0.028125
0 0.575 0.325 0.04296875 0.03828125
0 0.54296875 0.3390625 0.0296875 0.0265625
0 0.503125 0.36484375 0.046875 0.0578125
0 0.55078125 0.4375 0.09140625 0.1015625
0 0.49296875 0.52890625 0.09296875 0.084375
0 0.4703125 0.43125 0.0796875 0.06796875
0 0.43671875 0.353125 0.06015625 0.075
0 0.47734375 0.3046875 0.0515625 0.0484375
0 0.49921875 0.25078125 0.04140625 0.03359375
0 0.43671875 0.14140625 0.046875 0.04296875
0 0.46796875 0.05859375 0.07109375 0.08125
0 0.45859375 0.01484375 0.0796875 0.0296875
0 0.365625 0.028125 0.05625 0.05625
0 0.384375 0.10625 0.09453125 0.0765625
0 0.32734375 0.15 0.06328125 0.06796875
0 0.4140625 0.165625 0.028125 0.03125
0 0.384375 0.19140625 0.03828125 0.03671875
0 0.34296875 0.2203125 0.0515625 0.0484375
0 0.3203125 0.2484375 0.053125 0.04453125
0 0.340625 0.2890625 0.04296875 0.03984375
0 0.3578125 0.33359375 0.06171875 0.05625
0 0.39609375 0.3796875 0.0515625 0.0484375
0 0.415625 0.446875 0.053125 0.053125
0 0.35 0.428125 0.0484375 0.0515625
0 0.38203125 0.43515625 0.03359375 0.03671875
0 0.34296875 0.38125 0.0515625 0.0546875
0 0.29921875 0.32890625 0.05625 0.04296875
0 0.29140625 0.27734375 0.0484375 0.046875
0 0.2359375 0.1703125 0.1265625 0.11796875
0 0.29453125 0.1171875 0.075 0.06171875
0 0.30625 0.00546875 0.059375 0.0109375
0 0.25234375 0.00859375 0.053125 0.01640625
0 0.21328125 0.0265625 0.06796875 0.053125
0 0.253125 0.07578125 0.07109375 0.06171875
0 0.178125 0.08125 0.0796875 0.0734375
0 0.1328125 0.04375 0.06015625 0.0515625
0 0.14765625 0.00859375 0.046875 0.01640625
0 0.10625 0.01015625 0.053125 0.0203125
0 0.06328125 0.0046875 0.0578125 0.009375
0 0.0359375 0.02265625 0.06484375 0.04453125
0 0.06953125 0.06328125 0.11328125 0.103125
0 0.0484375 0.121875 0.09609375 0.1109375
0 0.11875 0.1796875 0.0484375 0.06328125
0 0.15703125 0.24296875 0.0515625 0.0546875
0 0.159375 0.321875 0.06328125 0.0765625
0 0.07421875 0.25390625 0.075 0.0765625
0 0.05703125 0.33046875 0.04140625 0.04296875
0 0.0578125 0.42109375 0.05625 0.0578125
0 0.0359375 0.44609375 0.0546875 0.0515625
0 0.009375 0.4828125 0.01796875 0.06171875
0 0.22578125 0.34296875 0.046875 0.0484375
0 0.25703125 0.31015625 0.0484375 0.0515625
0 0.24921875 0.3703125 0.05625 0.05625
0 0.28046875 0.41328125 0.046875 0.06953125
0 0.23125 0.4171875 0.05625 0.06015625
0 0.1828125 0.38984375 0.06640625 0.07109375
0 0.1171875 0.45546875 0.0546875 0.06328125
0 0.140625 0.421875 0.0515625 0.053125
0 0.19921875 0.46328125 0.053125 0.05625
0 0.25859375 0.46953125 0.0578125 0.06171875
0 0.2375 0.51328125 0.0765625 0.06953125
0 0.14453125 0.55703125 0.09609375 0.084375
0 0.12265625 0.6234375 0.06953125 0.075
0 0.18046875 0.6140625 0.04140625 0.03828125
0 0.08671875 0.5296875 0.03359375 0.0296875
0 0.1203125 0.50703125 0.028125 0.03984375
0 0.08046875 0.478125 0.0515625 0.06015625
0 0.05234375 0.509375 0.03828125 0.04453125
0 0.02578125 0.53203125 0.04453125 0.04453125
0 0.0328125 0.58671875 0.065625 0.0671875
0 0.02578125 0.65078125 0.0515625 0.0796875
0 0.7140625 0.65625 0.046875 0.04296875
0 0.37734375 0.56015625 0.06953125 0.09296875
0 0.4296875 0.5796875 0.0484375 0.06015625
0 0.39609375 0.646875 0.06171875 0.06171875
0 0.321875 0.68046875 0.04296875 0.03828125
0 0.415625 0.72890625 0.08671875 0.12265625
0 0.490625 0.7046875 0.075 0.0765625
0 0.34375 0.80234375 0.06015625 0.0765625
0 0.3515625 0.86484375 0.06171875 0.04453125
0 0.3765625 0.8375 0.03828125 0.04296875
0 0.47578125 0.90625 0.08125 0.08125
0 0.37734375 0.91796875 0.06953125 0.06171875
0 0.40390625 0.88203125 0.03671875 0.04296875
0 0.421875 0.93671875 0.03671875 0.04296875
0 0.4125 0.9890625 0.0546875 0.021875
0 0.62109375 0.95 0.04296875 0.03671875
0 0.646875 0.98125 0.04375 0.0375
0 0.21953125 0.9765625 0.103125 0.046875
0 0.22578125 0.884375 0.0734375 0.06484375
0 0.22265625 0.93359375 0.046875 0.0296875
0 0.1421875 0.89609375 0.04453125 0.0515625
0 0.1203125 0.92421875 0.0484375 0.03828125
0 0.09375 0.88984375 0.0484375 0.0484375
0 0.04375 0.81953125 0.03828125 0.04140625
0 0.00390625 0.81953125 0.0078125 0.0296875
0 0.13515625 0.68984375 0.04140625 0.04453125