0 0.96640625 0.11796875 0.06328125 0.07734375
0 0.98671875 0.03203125 0.0265625 0.06328125
0 0.9609375 0.03671875 0.03359375 0.05703125
0 0.9296875 0.03203125 0.0203125 0.06015625
0 0.88828125 0.0265625 0.05859375 0.05078125
0 0.76171875 0.02890625 0.04921875 0.04609375
0 0.69453125 0.0828125 0.06015625 0.103125
0 0.75859375 0.1015625 0.05546875 0.07578125
0 0.7578125 0.1875 0.04453125 0.07421875
0 0.75625 0.303125 0.06328125 0.08046875
0 0.83515625 0.26171875 0.05078125 0.04609375
0 0.67265625 0.16796875 0.05703125 0.05078125
0 0.6796875 0.234375 0.03671875 0.04140625
0 0.67421875 0.3234375 0.05390625 0.06484375
0 0.609375 0.4453125 0.05703125 0.05859375
0 0.76328125 0.58125 0.07109375 0.08046875
0 0.8265625 0.5734375 0.06171875 0.04296875
0 0.55703125 0.0265625 0.06640625 0.05078125
0 0.4796875 0.0390625 0.06328125 0.07734375
0 0.52734375 0.10859375 0.05234375 0.05546875
0 0.47890625 0.10703125 0.04921875 0.04921875
0 0.36484375 0.14921875 0.06171875 0.04609375
0 0.48359375 0.3578125 0.04921875 0.05390625
0 0.4453125 0.325 0.07734375 0.07109375
0 0.30703125 0.0296875 0.06328125 0.05390625
0 0.56796875 0.49921875 0.04453125 0.04609375
0 0.5484375 0.478125 0.05546875 0.04140625
0 0.52109375 0.4546875 0.04609375 0.04609375
0 0.48046875 0.4265625 0.05546875 0.05859375
0 0.4078125 0.38671875 0.05234375 0.05859375
0 0.94375 0.4203125 0.04609375 0.04296875
0 0.9796875 0.5125 0.040625 0.05625
0 0.8484375 0.70078125 0.03828125 0.04453125
0 0.81640625 0.71484375 0.03828125 0.04140625
0 0.78828125 0.74765625 0.05390625 0.05546875
0 0.834375 0.90859375 0.07109375 0.07578125
0 0.85078125 0.975 0.0546875 0.05
0 0.7421875 0.8109375 0.07578125 0.07421875
0 0.70625 0.85078125 0.05234375 0.05859375
0 0.6703125 0.74140625 0.05234375 0.06171875
0 0.7 0.69453125 0.06484375 0.06953125
0 0.6421875 0.8390625 0.07578125 0.08046875
0 0.67265625 0.90703125 0.07578125 0.06953125
0 0.60625 0.8953125 0.05390625 0.05390625
0 0.62734375 0.96328125 0.04921875 0.04453125
0 0.61484375 0.99375 0.06484375 0.0125
0 0.5265625 0.7640625 0.07265625 0.07265625
0 0.459375 0.82890625 0.06484375 0.06640625
0 0.49375 0.66484375 0.06015625 0.05078125
0 0.49453125 0.6125 0.04296875 0.05703125
0 0.453125 0.646875 0.04921875 0.05390625
0 0.38515625 0.62578125 0.04609375 0.05546875
0 0.36484375 0.5828125 0.04609375 0.05234375
0 0.29921875 0.52734375 0.05390625 0.04921875
0 0.26796875 0.39921875 0.04921875 0.06484375
0 0.23515625 0.42578125 0.04609375 0.06015625
0 0.23828125 0.3265625 0.03359375 0.04609375
0 0.3203125 0.228125 0.04921875 0.06328125
0 0.16640625 0.38125 0.09140625 0.07578125
0 0.16875 0.30859375 0.04609375 0.05390625
0 0.1375 0.33828125 0.03203125 0.03828125
0 0.09921875 0.3125 0.08359375 0.07421875
0 0.01015625 0.35859375 0.0203125 0.06484375
0 0.14296875 0.68515625 0.04609375 0.05703125
0 0.1125 0.57109375 0.05078125 0.03828125
0 0.28671875 0.7546875 0.04140625 0.04140625
0 0.215625 0.6859375 0.04609375 0.04609375
0 0.20703125 0.7625 0.06015625 0.04140625
0 0.246875 0.79765625 0.04140625 0.04453125
0 0.16953125 0.26484375 0.05390625 0.0296875
0 0.03671875 0.021875 0.0515625 0.04375
0 0.00546875 0.525 0.0109375 0.04453125
0 0.0953125 0.6390625 0.021875 0.028125
0 0.01328125 0.7296875 0.0265625 0.05078125
0 0.01640625 0.79453125 0.0328125 0.0515625
0 0.0515625 0.74375 0.04296875 0.04453125
0 0.08671875 0.871875 0.06328125 0.03828125
0 0.1703125 0.88671875 0.04296875 0.04609375
0 0.14453125 0.83125 0.03671875 0.0203125
0 0.06640625 0.95625 0.05078125 0.03984375
0 0.22734375 0.98125 0.0734375 0.0375
0 0.3 0.9859375 0.05546875 0.028125
0 0.1453125 0.98203125 0.071875 0.0359375
0 0.98125 0.365625 0.021875 0.028125
0 0.18515625 0.2359375 0.05390625 0.03828125
0 0.06015625 0.2375 0.03515625 0.028125
0 0.09921875 0.24921875 0.04609375 0.04921875
0 0.03984375 0.86484375 0.03828125 0.03671875
0 0.084375 0.0640625 0.04921875 0.04609375