0 0.0515625 0.84921875 0.05625 0.05625
0 0.0171875 0.7875 0.034375 0.05625
0 0.05234375 0.76953125 0.06484375 0.07109375
0 0.18984375 0.85390625 0.0484375 0.04375
0 0.23046875 0.878125 0.0453125 0.0421875
0 0.39453125 0.93359375 0.07265625 0.05625
0 0.34375 0.95 0.07734375 0.040625
0 0.27734375 0.9140625 0.07109375 0.0609375
0 0.303125 0.8484375 0.06953125 0.0609375
0 0.196875 0.78515625 0.07265625 0.06484375
0 0.2453125 0.81484375 0.05 0.053125
0 0.31875 0.75703125 0.0453125 0.07109375
0 0.2828125 0.74140625 0.059375 0.0578125
0 0.240625 0.7203125 0.07578125 0.06328125
0 0.23203125 0.659375 0.06796875 0.08046875
0 0.4203125 0.78828125 0.08359375 0.07421875
0 0.4859375 0.72578125 0.07578125 0.08046875
0 0.56953125 0.74765625 0.05625 0.0453125
0 0.640625 0.82734375 0.07109375 0.06640625
0 0.746875 0.91328125 0.09765625 0.08828125
0 0.775 0.97890625 0.08828125 0.0421875
0 0.7984375 0.94765625 0.059375 0.08359375
0 0.8453125 0.94765625 0.06484375 0.0609375
0 0.9765625 0.95078125 0.046875 0.07109375
0 0.984375 0.8171875 0.03125 0.0484375
0 0.9796875 0.74375 0.040625 0.10703125
0 0.85390625 0.87421875 0.06953125 0.08203125
0 0.81171875 0.853125 0.0390625 0.0453125
0 0.84609375 0.81015625 0.06640625 0.06796875
0 0.8359375 0.73828125 0.08359375 0.07421875
0 0.8359375 0.66171875 0.09609375 0.10390625
0 0.6171875 0.53671875 0.0578125 0.0328125
0 0.628125 0.57109375 0.0484375 0.0375
0 0.49609375 0.659375 0.0453125 0.0453125
0 0.3328125 0.6109375 0.0578125 0.09609375
0 0.3921875 0.58828125 0.0578125 0.08515625
0 0.27734375 0.60078125 0.06796875 0.07265625
0 0.203125 0.6015625 0.09140625 0.07421875
0 0.21875 0.4515625 0.10703125 0.09765625
0 0.21796875 0.50546875 0.10859375 0.0515625
0 0.31953125 0.48046875 0.05625 0.0515625
0 0.36953125 0.496875 0.053125 0.04375
0 0.38203125 0.4578125 0.06640625 0.05
0 0.33359375 0.43984375 0.053125 0.0515625
0 0.42734375 0.415625 0.06328125 0.0515625
0 0.6515625 0.38984375 0.07109375 0.07265625
0 0.15390625 0.13671875 0.05 0.04375
0 0.203125 0.17734375 0.06328125 0.05
0 0.27109375 0.04140625 0.0453125 0.0359375
0 0.353125 0.190625 0.09609375 0.09453125
0 0.36015625 0.3375 0.09765625 0.08671875
0 0.3828125 0.28984375 0.08984375 0.0546875
0 0.39375 0.2390625 0.07109375 0.08515625
0 0.48671875 0.2984375 0.0484375 0.07265625
0 0.45 0.2875 0.0375 0.06953125
0 0.528125 0.2984375 0.06953125 0.06328125
0 0.53359375 0.240625 0.08046875 0.08828125
0 0.48828125 0.221875 0.0453125 0.09453125
0 0.44140625 0.2375 0.08046875 0.06328125
0 0.41328125 0.17734375 0.053125 0.06953125
0 0.45390625 0.140625 0.07734375 0.0578125
0 0.515625 0.1359375 0.06328125 0.0453125
0 0.6859375 0.06953125 0.08046875 0.09453125
0 0.51328125 0.06640625 0.08671875 0.09453125
0 0.4484375 0.03671875 0.05625 0.0734375
0 0.5 0.0171875 0.07265625 0.034375
0 0.76171875 0.02578125 0.0390625 0.0484375
0 0.35703125 0.12265625 0.06328125 0.05625
0 0.3734375 0.3921875 0.06484375 0.0484375
0 0.05703125 0.70390625 0.0609375 0.0453125
0 0.3421875 0.98125 0.13359375 0.0375
0 0.98203125 0.61953125 0.0359375 0.10078125
0 0.959375 0.56171875 0.08125 0.0859375
0 0.8640625 0.52734375 0.07734375 0.0578125
0 0.93984375 0.49609375 0.1203125 0.1234375
0 0.89609375 0.37734375 0.11328125 0.09765625
0 0.96015625 0.384375 0.06796875 0.12734375
0 0.92109375 0.29296875 0.07265625 0.0578125
0 0.9734375 0.2984375 0.04375 0.059375
0 0.88359375 0.22734375 0.06328125 0.06796875
0 0.921875 0.2125 0.06484375 0.06328125
0 0.971875 0.23828125 0.05625 0.08671875
0 0.903125 0.1234375 0.0546875 0.08359375
0 0.85078125 0.13046875 0.040625 0.05625
0 0.959375 0.13671875 0.07578125 0.09140625
0 0.65859375 0.30234375 0.06953125 0.07109375
0 0.75546875 0.12109375 0.0359375 0.040625
0 0.85390625 0.05 0.053125 0.053125
0 0.89296875 0.06015625 0.07578125 0.06796875
0 0.98203125 0.02890625 0.0359375 0.0578125
0 0.92578125 0.02421875 0.07578125 0.0484375
0 0.65703125 0.15625 0.04375 0.0484375