0 0.971875 0.09375 0.05625 0.08125
0 0.990625 0.01796875 0.015625 0.0359375
0 0.9703125 0.01875 0.034375 0.0375
0 0.9375 0.0171875 0.021875 0.034375
0 0.89453125 0.0125 0.06171875 0.025
0 0.76171875 0.0125 0.0515625 0.025
0 0.69140625 0.05703125 0.06328125 0.1078125
0 0.75859375 0.0765625 0.0578125 0.0796875
0 0.7578125 0.1671875 0.046875 0.078125
0 0.75546875 0.28828125 0.06640625 0.084375
0 0.8390625 0.2453125 0.053125 0.0484375
0 0.66796875 0.14609375 0.06015625 0.053125
0 0.675 0.215625 0.03828125 0.04296875
0 0.66953125 0.31015625 0.05625 0.06796875
0 0.6015625 0.4375 0.06015625 0.06171875
0 0.76328125 0.58046875 0.075 0.084375
0 0.8296875 0.571875 0.06484375 0.04453125
0 0.546875 0.0125 0.06953125 0.025
0 0.46484375 0.02578125 0.06640625 0.0515625
0 0.515625 0.08359375 0.0546875 0.0578125
0 0.4640625 0.08203125 0.0515625 0.0515625
0 0.34453125 0.12734375 0.06484375 0.0484375
0 0.46953125 0.3453125 0.0515625 0.05625
0 0.4296875 0.31171875 0.08125 0.075
0 0.284375 0.01484375 0.06640625 0.0296875
0 0.5578125 0.49453125 0.046875 0.0484375
0 0.5375 0.471875 0.0578125 0.04296875
0 0.509375 0.44765625 0.0484375 0.0484375
0 0.465625 0.41796875 0.0578125 0.06171875
0 0.38984375 0.3765625 0.0546875 0.06171875
0 0.95234375 0.4109375 0.0484375 0.04453125
0 0.98515625 0.509375 0.0296875 0.0578125
0 0.85234375 0.70625 0.03984375 0.046875
0 0.81875 0.72109375 0.03984375 0.04296875
0 0.7890625 0.7546875 0.05625 0.0578125
0 0.83828125 0.9234375 0.075 0.0796875
0 0.85546875 0.984375 0.05625 0.03125
0 0.740625 0.82109375 0.0796875 0.078125
0 0.703125 0.86328125 0.0546875 0.06171875
0 0.665625 0.7484375 0.0546875 0.06484375
0 0.696875 0.69921875 0.06796875 0.0734375
0 0.6359375 0.8515625 0.0796875 0.084375
0 0.66796875 0.921875 0.0796875 0.0734375
0 0.59765625 0.91015625 0.05625 0.05625
0 0.6203125 0.97890625 0.0515625 0.04140625
0 0.51484375 0.77265625 0.0765625 0.0765625
0 0.44453125 0.840625 0.06796875 0.06953125
0 0.4796875 0.66796875 0.06328125 0.053125
0 0.48125 0.61328125 0.04453125 0.06015625
0 0.4375 0.64921875 0.0515625 0.05625
0 0.36640625 0.62734375 0.0484375 0.0578125
0 0.34453125 0.58203125 0.0484375 0.0546875
0 0.27578125 0.52421875 0.05625 0.0515625
0 0.24296875 0.38984375 0.0515625 0.06796875
0 0.20859375 0.4171875 0.0484375 0.06328125
0 0.21171875 0.31328125 0.03515625 0.0484375
0 0.2984375 0.209375 0.0515625 0.06640625
0 0.1359375 0.3703125 0.09609375 0.0796875
0 0.1390625 0.29375 0.0484375 0.05625
0 0.10625 0.32578125 0.03359375 0.03984375
0 0.065625 0.2984375 0.08828125 0.078125
0 0.1125 0.6890625 0.0484375 0.06015625
0 0.0796875 0.56953125 0.053125 0.03984375
0 0.2625 0.7625 0.04296875 0.04296875
0 0.18828125 0.68984375 0.0484375 0.0484375
0 0.1796875 0.77109375 0.06328125 0.04296875
0 0.22109375 0.80703125 0.04296875 0.046875
0 0.13984375 0.2484375 0.05625 0.03125
0 0.06171875 0.64140625 0.0234375 0.0296875
0 0.01875 0.75 0.0375 0.046875
0 0.053125 0.88515625 0.06640625 0.03984375
0 0.140625 0.90078125 0.04453125 0.0484375
0 0.1140625 0.84296875 0.03828125 0.021875
0 0.03125 0.97421875 0.053125 0.04140625
0 0.20078125 0.990625 0.0765625 0.01796875
0 0.27578125 0.99453125 0.0578125 0.0109375
0 0.115625 0.99140625 0.075 0.01640625
0 0.98984375 0.35390625 0.0203125 0.0296875
0 0.15625 0.21796875 0.05625 0.03984375
0 0.025 0.21953125 0.03671875 0.0296875
0 0.065625 0.23203125 0.0484375 0.0515625
0 0.01171875 0.878125 0.0234375 0.03828125
0 0.05078125 0.0375 0.0515625 0.0484375