0 0.1265625 0.15703125 0.03203125 0.03515625
0 0.19765625 0.0625 0.028125 0.0296875
0 0.04453125 0.02734375 0.04453125 0.03984375
0 0.00859375 0.015625 0.0171875 0.03125
0 0.12890625 0.27109375 0.05859375 0.05859375
0 0.00703125 0.0671875 0.0140625 0.04921875
0 0.1765625 0.215625 0.05859375 0.06484375
0 0.2390625 0.21328125 0.06015625 0.05078125
0 0.0765625 0.3421875 0.06171875 0.05859375
0 0.04140625 0.37890625 0.05390625 0.05234375
0 0.02265625 0.425 0.0453125 0.065625
0 0.121875 0.35078125 0.03828125 0.04609375
0 0.1578125 0.3625 0.03359375 0.04140625
0 0.1921875 0.3734375 0.04609375 0.05078125
0 0.2328125 0.4 0.05703125 0.07265625
0 0.2828125 0.4203125 0.05859375 0.05859375
0 0.2890625 0.37421875 0.05546875 0.04609375
0 0.303125 0.23671875 0.04609375 0.04296875
0 0.234375 0.14375 0.05703125 0.06015625
0 0.2765625 0.09609375 0.03203125 0.0234375
0 0.30078125 0.046875 0.028125 0.0296875
0 0.340625 0.1890625 0.0265625 0.0265625
0 0.359375 0.190625 0.021875 0.0265625
0 0.32734375 0.2625 0.05390625 0.03828125
0 0.41171875 0.2734375 0.03203125 0.03203125
0 0.4328125 0.2390625 0.04609375 0.03828125
0 0.3453125 0.37421875 0.04453125 0.05859375
0 0.33828125 0.43359375 0.05078125 0.06640625
0 0.390625 0.4390625 0.07265625 0.08046875
0 0.46015625 0.1703125 0.07265625 0.07734375
0 0.4765625 0.0890625 0.06953125 0.07109375
0 0.5171875 0.053125 0.06015625 0.05234375
0 0.57578125 0.02578125 0.0609375 0.0515625
0 0.521875 0.01796875 0.059375 0.0359375
0 0.68046875 0.078125 0.028125 0.0265625
0 0.6125 0.1875 0.05078125 0.05859375
0 0.4453125 0.4515625 0.05859375 0.06796875
0 0.4703125 0.48046875 0.06015625 0.06796875
0 0.51875 0.44140625 0.04453125 0.05078125
0 0.54453125 0.4078125 0.025 0.0265625
0 0.51875 0.48984375 0.05703125 0.06171875
0 0.571875 0.51015625 0.04921875 0.05859375
0 0.6015625 0.53203125 0.04453125 0.05703125
0 0.25078125 0.52734375 0.05234375 0.05234375
0 0.078125 0.5890625 0.03984375 0.03671875
0 0.0609375 0.56640625 0.03671875 0.03828125
0 0.075 0.80078125 0.05859375 0.06953125
0 0.1109375 0.91640625 0.03515625 0.03828125
0 0.0671875 0.92734375 0.04609375 0.04453125
0 0.1515625 0.85859375 0.04140625 0.03359375
0 0.14453125 0.82109375 0.04296875 0.03828125
0 0.265625 0.97265625 0.05 0.0546875
0 0.12578125 0.63828125 0.06484375 0.07109375
0 0.1875 0.5921875 0.06171875 0.05859375
0 0.2046875 0.55703125 0.03984375 0.03828125
0 0.2328125 0.57890625 0.04453125 0.05703125
0 0.25234375 0.61875 0.04296875 0.05078125
0 0.21640625 0.64765625 0.05078125 0.05859375
0 0.26796875 0.6765625 0.05234375 0.05859375
0 0.3046875 0.6109375 0.05234375 0.06640625
0 0.35078125 0.62109375 0.04609375 0.06796875
0 0.3203125 0.67109375 0.05859375 0.06640625
0 0.390625 0.64921875 0.05390625 0.06484375
0 0.453125 0.6546875 0.06484375 0.06328125
0 0.6015625 0.6234375 0.05390625 0.06015625
0 0.59921875 0.578125 0.04609375 0.04921875
0 0.51875 0.675 0.07578125 0.06484375
0 0.42421875 0.6921875 0.03828125 0.04296875
0 0.390625 0.69921875 0.04140625 0.04453125
0 0.4203125 0.740625 0.04921875 0.05703125
0 0.3765625 0.753125 0.04140625 0.04140625
0 0.325 0.740625 0.05234375 0.06328125
0 0.33671875 0.81484375 0.04453125 0.06640625
0 0.3859375 0.8015625 0.05703125 0.06171875
0 0.4375 0.79765625 0.04609375 0.04453125
0 0.44765625 0.84921875 0.08203125 0.07109375
0 0.5125 0.84609375 0.06015625 0.06796875
0 0.5640625 0.91484375 0.05859375 0.06328125
0 0.3421875 0.9875 0.096875 0.025
0 0.51875 0.74765625 0.0984375 0.1
0 0.59609375 0.68984375 0.09296875 0.08828125
0 0.653125 0.7203125 0.05703125 0.06328125
0 0.671875 0.75859375 0.04609375 0.04296875
0 0.64375 0.79921875 0.04140625 0.05703125
0 0.6078125 0.80859375 0.05703125 0.06640625
0 0.74140625 0.81875 0.08984375 0.04921875
0 0.6796875 0.60234375 0.05546875 0.04296875
0 0.76875 0.25390625 0.06328125 0.06171875
0 0.73984375 0.1390625 0.04609375 0.05078125
0 0.76171875 0.078125 0.04921875 0.04609375
0 0.8671875 0.15703125 0.04453125 0.04453125
0 0.97890625 0.2296875 0.0421875 0.059375
0 0.81328125 0.2 0.04140625 0.03359375
0 0.89921875 0.3828125 0.03671875 0.04453125
0 0.9734375 0.6578125 0.04453125 0.04609375
0 0.7640625 0.6296875 0.05390625 0.08203125
0 0.7265625 0.6546875 0.05390625 0.05390625
0 0.7203125 0.69921875 0.06640625 0.05703125
0 0.784375 0.7359375 0.07734375 0.08203125
0 0.828125 0.70234375 0.08984375 0.0953125
0 0.89453125 0.78515625 0.08671875 0.08203125
0 0.84765625 0.7671875 0.03671875 0.05078125
0 0.975 0.98203125 0.05 0.0359375
0 0.1875 0.49453125 0.04921875 0.06171875
0 0.975 0.81171875 0.05 0.0421875
0 0.89921875 0.67890625 0.05859375 0.06640625
0 0.90234375 0.59296875 0.04921875 0.05390625
0 0.6390625 0.13203125 0.021875 0.0203125