0 0.9625 0.11640625 0.0625 0.0765625
0 0.984375 0.03125 0.03125 0.0625
0 0.95703125 0.0359375 0.0328125 0.05625
0 0.92578125 0.03125 0.0203125 0.059375
0 0.88515625 0.0265625 0.0578125 0.05
0 0.76015625 0.02890625 0.0484375 0.0453125
0 0.69375 0.08203125 0.059375 0.1015625
0 0.75703125 0.1 0.0546875 0.075
0 0.75625 0.18515625 0.04375 0.0734375
0 0.7546875 0.29921875 0.0625 0.0796875
0 0.8328125 0.25859375 0.05 0.0453125
0 0.671875 0.165625 0.05625 0.05
0 0.67890625 0.23125 0.0359375 0.040625
0 0.6734375 0.31953125 0.053125 0.0640625
0 0.609375 0.43984375 0.05625 0.0578125
0 0.76171875 0.57421875 0.0703125 0.0796875
0 0.82421875 0.56640625 0.0609375 0.0421875
0 0.5578125 0.0265625 0.065625 0.05
0 0.48125 0.03828125 0.0625 0.0765625
0 0.52890625 0.10703125 0.0515625 0.0546875
0 0.48046875 0.10546875 0.0484375 0.0484375
0 0.36796875 0.14765625 0.0609375 0.0453125
0 0.48515625 0.353125 0.0484375 0.053125
0 0.44765625 0.32109375 0.0765625 0.0703125
0 0.3109375 0.0296875 0.0625 0.053125
0 0.56875 0.49296875 0.04375 0.0453125
0 0.54921875 0.471875 0.0546875 0.040625
0 0.52265625 0.44921875 0.0453125 0.0453125
0 0.48203125 0.42109375 0.0546875 0.0578125
0 0.41015625 0.38203125 0.0515625 0.0578125
0 0.93984375 0.41484375 0.0453125 0.0421875
0 0.97734375 0.50703125 0.0421875 0.0546875
0 0.8453125 0.6921875 0.0375 0.04375
0 0.8140625 0.70625 0.0375 0.040625
0 0.7859375 0.73828125 0.053125 0.0546875
0 0.83203125 0.896875 0.0703125 0.075
0 0.8484375 0.96328125 0.053125 0.0484375
0 0.740625 0.80078125 0.075 0.0734375
0 0.70546875 0.83984375 0.0515625 0.0578125
0 0.66953125 0.73203125 0.0515625 0.0609375
0 0.69921875 0.6859375 0.0640625 0.06875
0 0.6421875 0.82890625 0.075 0.0796875
0 0.671875 0.8953125 0.075 0.06875
0 0.60625 0.884375 0.053125 0.053125
0 0.62734375 0.9515625 0.0484375 0.04375
0 0.61484375 0.9875 0.0640625 0.025
0 0.528125 0.7546875 0.071875 0.071875
0 0.46171875 0.81875 0.0640625 0.065625
0 0.4953125 0.65625 0.059375 0.05
0 0.49609375 0.6046875 0.0421875 0.05625
0 0.45546875 0.6390625 0.0484375 0.053125
0 0.38828125 0.61796875 0.0453125 0.0546875
0 0.36796875 0.57578125 0.0453125 0.0515625
0 0.303125 0.52109375 0.053125 0.0484375
0 0.27265625 0.39453125 0.0484375 0.0640625
0 0.23984375 0.4203125 0.0453125 0.059375
0 0.24296875 0.32265625 0.0328125 0.0453125
0 0.32421875 0.225 0.0484375 0.0625
0 0.171875 0.3765625 0.090625 0.075
0 0.17421875 0.3046875 0.0453125 0.053125
0 0.14375 0.334375 0.03125 0.0375
0 0.10546875 0.30859375 0.0828125 0.0734375
0 0.0140625 0.35390625 0.028125 0.0640625
0 0.14921875 0.6765625 0.0453125 0.05625
0 0.11875 0.5640625 0.05 0.0375
0 0.290625 0.7453125 0.040625 0.040625
0 0.22109375 0.67734375 0.0453125 0.0453125
0 0.2125 0.753125 0.059375 0.040625
0 0.2515625 0.7875 0.040625 0.04375
0 0.175 0.26171875 0.053125 0.0296875
0 0.04453125 0.021875 0.0515625 0.04375
0 0.009375 0.51875 0.01875 0.04375
0 0.1015625 0.63125 0.021875 0.028125
0 0.0171875 0.7203125 0.034375 0.05
0 0.0203125 0.78515625 0.040625 0.0515625
0 0.05859375 0.734375 0.0421875 0.04375
0 0.09375 0.8609375 0.0625 0.0375
0 0.17578125 0.87578125 0.0421875 0.0453125
0 0.15078125 0.82109375 0.0359375 0.0203125
0 0.0734375 0.94453125 0.05 0.0390625
0 0.2328125 0.97578125 0.071875 0.0484375
0 0.30390625 0.9796875 0.0546875 0.040625
0 0.15234375 0.9734375 0.0703125 0.040625
0 0.9765625 0.3609375 0.021875 0.028125
0 0.190625 0.2328125 0.053125 0.0375
0 0.0671875 0.234375 0.034375 0.028125
0 0.10546875 0.24609375 0.0453125 0.0484375
0 0.046875 0.85390625 0.0375 0.0359375
0 0.09140625 0.06328125 0.0484375 0.0453125