0 0.94453125 0.8609375 0.06015625 0.06015625
0 0.98125 0.7953125 0.03671875 0.06015625
0 0.94375 0.77578125 0.06875 0.07578125
0 0.79765625 0.865625 0.05234375 0.046875
0 0.75390625 0.89140625 0.0484375 0.0453125
0 0.57890625 0.9515625 0.07734375 0.06015625
0 0.63359375 0.96796875 0.08203125 0.04375
0 0.70390625 0.93046875 0.07578125 0.065625
0 0.6765625 0.86015625 0.0734375 0.065625
0 0.790625 0.79296875 0.07734375 0.06875
0 0.73828125 0.8234375 0.05390625 0.05703125
0 0.66015625 0.7625 0.0484375 0.07578125
0 0.69765625 0.74609375 0.0640625 0.06171875
0 0.74296875 0.7234375 0.08046875 0.0671875
0 0.75234375 0.65859375 0.071875 0.0859375
0 0.5515625 0.79609375 0.0890625 0.07890625
0 0.48125 0.72890625 0.08046875 0.0859375
0 0.39296875 0.75234375 0.06015625 0.0484375
0 0.31640625 0.8375 0.07578125 0.0703125
0 0.203125 0.9296875 0.10390625 0.09375
0 0.17265625 0.98828125 0.09375 0.0234375
0 0.14765625 0.9609375 0.0640625 0.078125
0 0.0984375 0.965625 0.06875 0.065625
0 0.0890625 0.8875 0.0734375 0.0875
0 0.13359375 0.86484375 0.0421875 0.0484375
0 0.09765625 0.81953125 0.0703125 0.071875
0 0.10859375 0.7421875 0.0890625 0.07890625
0 0.10859375 0.6609375 0.10234375 0.1109375
0 0.34140625 0.52734375 0.06171875 0.03515625
0 0.3296875 0.5640625 0.05234375 0.040625
0 0.4703125 0.65859375 0.0484375 0.0484375
0 0.6453125 0.60625 0.06171875 0.10234375
0 0.58125 0.58203125 0.06171875 0.090625
0 0.70390625 0.5953125 0.071875 0.07734375
0 0.78359375 0.59609375 0.09765625 0.07890625
0 0.76640625 0.4359375 0.1140625 0.10390625
0 0.76796875 0.49375 0.115625 0.05546875
0 0.659375 0.4671875 0.06015625 0.05546875
0 0.60546875 0.48515625 0.05703125 0.046875
0 0.5921875 0.44296875 0.0703125 0.05390625
0 0.64453125 0.4234375 0.05703125 0.05546875
0 0.54375 0.3984375 0.0671875 0.05546875
0 0.3046875 0.37109375 0.07578125 0.07734375
0 0.8359375 0.10078125 0.05390625 0.046875
0 0.78359375 0.14453125 0.0671875 0.05390625
0 0.7109375 0.009375 0.0484375 0.01875
0 0.6234375 0.1578125 0.10234375 0.10078125
0 0.615625 0.31484375 0.10390625 0.0921875
0 0.59140625 0.2640625 0.0953125 0.05859375
0 0.5796875 0.209375 0.07578125 0.090625
0 0.48046875 0.2734375 0.05234375 0.07734375
0 0.5203125 0.26171875 0.040625 0.0734375
0 0.4359375 0.2734375 0.0734375 0.0671875
0 0.43046875 0.21171875 0.0859375 0.09375
0 0.47890625 0.19140625 0.0484375 0.10078125
0 0.5296875 0.2078125 0.0859375 0.0671875
0 0.55859375 0.14453125 0.05703125 0.0734375
0 0.515625 0.1046875 0.08203125 0.06171875
0 0.45 0.1 0.0671875 0.0484375
0 0.26796875 0.03984375 0.0859375 0.0796875
0 0.45234375 0.03828125 0.0921875 0.0765625
0 0.52265625 0.01640625 0.0609375 0.0328125
0 0.61875 0.0859375 0.0671875 0.06015625
0 0.6015625 0.3734375 0.06875 0.05234375
0 0.9390625 0.70546875 0.065625 0.0484375
0 0.63515625 0.990625 0.14296875 0.01875
0 0.009375 0.55390625 0.01875 0.090625
0 0.078125 0.51796875 0.08203125 0.06171875
0 0.03046875 0.48359375 0.06015625 0.13125
0 0.05234375 0.35703125 0.10390625 0.10390625
0 0.028125 0.26875 0.05625 0.0625
0 0.05703125 0.196875 0.0671875 0.071875
0 0.025 0.18125 0.05 0.0671875
0 0.0359375 0.08671875 0.05859375 0.0890625
0 0.0921875 0.09375 0.04375 0.06015625
0 0.00859375 0.10078125 0.01640625 0.09765625
0 0.296875 0.27734375 0.0734375 0.07578125
0 0.19375 0.08359375 0.03828125 0.04375
0 0.0890625 0.01875 0.05703125 0.03671875
0 0.04765625 0.028125 0.0796875 0.05625
0 0.2984375 0.121875 0.046875 0.05234375