0 0.865625 0.1625 0.03125 0.034375
0 0.7953125 0.06953125 0.028125 0.0296875
0 0.946875 0.03515625 0.04375 0.0390625
0 0.98671875 0.01953125 0.0265625 0.0390625
0 0.86328125 0.27578125 0.0578125 0.0578125
0 0.98828125 0.07421875 0.0234375 0.0484375
0 0.81640625 0.22109375 0.0578125 0.0640625
0 0.7546875 0.21875 0.059375 0.05
0 0.91484375 0.34609375 0.0609375 0.0578125
0 0.95 0.38203125 0.053125 0.0515625
0 0.97265625 0.428125 0.0546875 0.065625
0 0.8703125 0.35390625 0.0375 0.0453125
0 0.83515625 0.365625 0.0328125 0.040625
0 0.80078125 0.3765625 0.0453125 0.05
0 0.7609375 0.403125 0.05625 0.071875
0 0.71171875 0.42265625 0.0578125 0.0578125
0 0.70546875 0.37734375 0.0546875 0.0453125
0 0.69140625 0.24140625 0.0453125 0.0421875
0 0.759375 0.15 0.05625 0.059375
0 0.7171875 0.10234375 0.03125 0.0234375
0 0.69375 0.05390625 0.028125 0.0296875
0 0.65390625 0.19453125 0.0265625 0.0265625
0 0.6359375 0.19609375 0.021875 0.0265625
0 0.6671875 0.2671875 0.053125 0.0375
0 0.584375 0.278125 0.03125 0.03125
0 0.56328125 0.24375 0.0453125 0.0375
0 0.65 0.37734375 0.04375 0.0578125
0 0.65625 0.4359375 0.05 0.065625
0 0.6046875 0.44140625 0.071875 0.0796875
0 0.5359375 0.17578125 0.071875 0.0765625
0 0.5203125 0.09609375 0.06875 0.0703125
0 0.4796875 0.06015625 0.059375 0.0515625
0 0.42109375 0.0296875 0.0609375 0.059375
0 0.47421875 0.021875 0.0578125 0.04375
0 0.31875 0.08515625 0.028125 0.0265625
0 0.3859375 0.19296875 0.05 0.0578125
0 0.55078125 0.45390625 0.0578125 0.0671875
0 0.5265625 0.48203125 0.059375 0.0671875
0 0.478125 0.44375 0.04375 0.05
0 0.453125 0.41015625 0.025 0.0265625
0 0.478125 0.49140625 0.05625 0.0609375
0 0.42578125 0.51171875 0.0484375 0.0578125
0 0.396875 0.5328125 0.04375 0.05625
0 0.74296875 0.52890625 0.0515625 0.0515625
0 0.91328125 0.58984375 0.0390625 0.0359375
0 0.93046875 0.5671875 0.0359375 0.0375
0 0.91640625 0.7984375 0.0578125 0.06875
0 0.88125 0.9125 0.034375 0.0375
0 0.92421875 0.9234375 0.0453125 0.04375
0 0.840625 0.85546875 0.040625 0.0328125
0 0.84765625 0.81875 0.0421875 0.0375
0 0.72734375 0.96875 0.0484375 0.053125
0 0.86640625 0.63828125 0.0640625 0.0703125
0 0.80546875 0.59296875 0.0609375 0.0578125
0 0.78828125 0.5578125 0.0390625 0.0375
0 0.7609375 0.5796875 0.04375 0.05625
0 0.74140625 0.61875 0.0421875 0.05
0 0.7765625 0.64765625 0.05 0.0578125
0 0.72578125 0.67578125 0.0515625 0.0578125
0 0.68984375 0.6109375 0.0515625 0.065625
0 0.64453125 0.62109375 0.0453125 0.0671875
0 0.67421875 0.6703125 0.0578125 0.065625
0 0.6046875 0.64921875 0.053125 0.0640625
0 0.54296875 0.6546875 0.0640625 0.0625
0 0.396875 0.6234375 0.053125 0.059375
0 0.39921875 0.57890625 0.0453125 0.0484375
0 0.478125 0.67421875 0.075 0.0640625
0 0.571875 0.69140625 0.0375 0.0421875
0 0.6046875 0.6984375 0.040625 0.04375
0 0.57578125 0.7390625 0.0484375 0.05625
0 0.61875 0.7515625 0.040625 0.040625
0 0.66953125 0.7390625 0.0515625 0.0625
0 0.6578125 0.8125 0.04375 0.065625
0 0.609375 0.79921875 0.05625 0.0609375
0 0.55859375 0.7953125 0.0453125 0.04375
0 0.5484375 0.84609375 0.08125 0.0703125
0 0.484375 0.84296875 0.059375 0.0671875
0 0.43359375 0.9109375 0.0578125 0.0625
0 0.65234375 0.98515625 0.0953125 0.0296875
0 0.478125 0.74609375 0.096875 0.0984375
0 0.40234375 0.6890625 0.0921875 0.0875
0 0.3453125 0.71875 0.05625 0.0625
0 0.32734375 0.75703125 0.0453125 0.0421875
0 0.3546875 0.796875 0.040625 0.05625
0 0.390625 0.80625 0.05625 0.065625
0 0.25859375 0.81640625 0.0890625 0.0484375
0 0.31953125 0.60234375 0.0546875 0.0421875
0 0.23125 0.25859375 0.0625 0.0609375
0 0.26015625 0.1453125 0.0453125 0.05
0 0.23828125 0.08515625 0.0484375 0.0453125
0 0.134375 0.1625 0.04375 0.04375
0 0.021875 0.23515625 0.04375 0.0578125
0 0.1875 0.20546875 0.040625 0.0328125
0 0.10234375 0.3859375 0.0359375 0.04375
0 0.0296875 0.65703125 0.04375 0.0453125
0 0.2359375 0.6296875 0.053125 0.08125
0 0.2734375 0.6546875 0.053125 0.053125
0 0.2796875 0.6984375 0.065625 0.05625
0 0.21640625 0.734375 0.0765625 0.08125
0 0.17265625 0.7015625 0.0890625 0.09375
0 0.10703125 0.7828125 0.0859375 0.08125
0 0.15390625 0.765625 0.0359375 0.05
0 0.02578125 0.9796875 0.0515625 0.0375
0 0.80546875 0.49609375 0.0484375 0.0609375
0 0.02578125 0.81015625 0.0515625 0.0421875
0 0.10234375 0.678125 0.0578125 0.065625
0 0.09921875 0.59375 0.0484375 0.053125
0 0.359375 0.13828125 0.021875 0.0203125