0 0.38828125 0.071875 0.0859375 0.071875
0 0.3453125 0.025 0.090625 0.05
0 0.48671875 0.07421875 0.1265625 0.1109375
0 0.5671875 0.046875 0.05625 0.071875
0 0.61484375 0.04296875 0.0546875 0.0859375
0 0.69453125 0.10546875 0.0984375 0.0890625
0 0.7125 0.0421875 0.10625 0.084375
0 0.83359375 0.040625 0.0734375 0.08125
0 0.89453125 0.0921875 0.0640625 0.075
0 0.91953125 0.0265625 0.0703125 0.053125
0 0.9640625 0.115625 0.071875 0.09375
0 0.9671875 0.0328125 0.059375 0.065625
0 0.95390625 0.2203125 0.0921875 0.10625
0 0.40390625 0.909375 0.1171875 0.103125
0 0.1234375 0.728125 0.090625 0.096875
0 0.03515625 0.94296875 0.0671875 0.1140625