0 0.19140625 0.2859375 0.15078125 0.14765625
0 0.0421875 0.21953125 0.08359375 0.1203125
0 0.06796875 0.0828125 0.065625 0.07890625
0 0.1109375 0.0609375 0.0640625 0.07734375
0 0.1578125 0.034375 0.08984375 0.06875
0 0.2296875 0.03046875 0.0546875 0.0609375
0 0.0296875 0.059375 0.059375 0.07421875
0 0.02265625 0.01796875 0.0453125 0.03515625
0 0.0796875 0.01875 0.05625 0.03671875
0 0.14140625 0.20625 0.12890625 0.1234375
0 0.275 0.2015625 0.115625 0.1015625
0 0.18359375 0.12109375 0.109375 0.1015625
0 0.30234375 0.140625 0.09296875 0.07890625
0 0.3953125 0.14765625 0.12578125 0.11875
0 0.49140625 0.0625 0.08203125 0.07421875
0 0.371875 0.0625 0.1078125 0.08359375
0 0.37109375 0.01640625 0.12890625 0.03203125
0 0.64765625 0.46328125 0.07109375 0.07421875
0 0.721875 0.4515625 0.07421875 0.08984375
0 0.78515625 0.503125 0.1046875 0.08671875
0 0.8015625 0.42578125 0.06875 0.0671875
0 0.80234375 0.3625 0.07421875 0.065625
0 0.85703125 0.4265625 0.0671875 0.07578125
0 0.859375 0.49375 0.065625 0.0546875
0 0.90234375 0.559375 0.065625 0.0609375
0 0.99609375 0.55078125 0.0078125 0.053125
0 0.9890625 0.490625 0.021875 0.06875
0 0.9125 0.48125 0.07890625 0.07890625
0 0.9203125 0.3703125 0.08515625 0.12734375
0 0.9765625 0.38984375 0.046875 0.06875
0 0.9609375 0.29296875 0.078125 0.0921875
0 0.978125 0.23046875 0.04375 0.1140625