0 0.603125 0.05625 0.0875 0.0734375
0 0.64765625 0.01640625 0.0921875 0.0328125
0 0.50234375 0.05859375 0.1296875 0.11328125
0 0.4203125 0.03359375 0.0578125 0.0671875
0 0.37109375 0.03515625 0.05625 0.0703125
0 0.28984375 0.090625 0.10078125 0.09140625
0 0.271875 0.034375 0.10859375 0.06875
0 0.14765625 0.0328125 0.075 0.065625
0 0.08515625 0.0765625 0.065625 0.0765625
0 0.06015625 0.01875 0.071875 0.03671875
0 0.02578125 0.10078125 0.05078125 0.09609375
0 0.02109375 0.025 0.04140625 0.04921875
0 0.0359375 0.2078125 0.071875 0.10859375
0 0.58671875 0.9125 0.11953125 0.10546875
0 0.8734375 0.7265625 0.09296875 0.09921875
0 0.9640625 0.94375 0.06875 0.11171875