0 0.190625 0.296875 0.146875 0.14375
0 0.04296875 0.23203125 0.0859375 0.1171875
0 0.07109375 0.09921875 0.0640625 0.0765625
0 0.1125 0.078125 0.0625 0.075
0 0.1578125 0.04921875 0.0875 0.0734375
0 0.228125 0.040625 0.053125 0.075
0 0.03125 0.0765625 0.0625 0.071875
0 0.02421875 0.0265625 0.0484375 0.053125
0 0.08203125 0.02734375 0.0546875 0.0546875
0 0.1421875 0.21953125 0.125 0.1203125
0 0.271875 0.21484375 0.1125 0.0984375
0 0.1828125 0.13671875 0.10625 0.0984375
0 0.2984375 0.15546875 0.090625 0.0765625
0 0.3890625 0.1625 0.121875 0.115625
0 0.48203125 0.0796875 0.0796875 0.071875
0 0.36640625 0.0796875 0.1046875 0.08125
0 0.365625 0.025 0.125 0.05
0 0.634375 0.46875 0.06875 0.071875
0 0.70625 0.4578125 0.071875 0.0875
0 0.76796875 0.5078125 0.1015625 0.084375
0 0.78359375 0.4328125 0.0671875 0.065625
0 0.784375 0.37109375 0.071875 0.0640625
0 0.8375 0.43359375 0.065625 0.0734375
0 0.83984375 0.4984375 0.0640625 0.053125
0 0.88203125 0.5625 0.0640625 0.059375
0 0.984375 0.55390625 0.03125 0.0515625
0 0.97734375 0.49609375 0.0421875 0.0671875
0 0.89140625 0.48671875 0.0765625 0.0765625
0 0.89921875 0.37890625 0.0828125 0.1234375
0 0.9640625 0.39765625 0.065625 0.0671875
0 0.95078125 0.30390625 0.0984375 0.0890625
0 0.9671875 0.24296875 0.065625 0.1109375