0 0.95078125 0.96640625 0.0984375 0.0671875
0 0.7984375 0.97421875 0.103125 0.0515625
0 0.68515625 0.9578125 0.0921875 0.08359375
0 0.5328125 0.965625 0.109375 0.06875
0 0.4234375 0.98046875 0.09921875 0.03828125
0 0.4625 0.94140625 0.0890625 0.0875
0 0.534375 0.89140625 0.159375 0.08203125
0 0.35390625 0.9640625 0.1140625 0.071875
0 0.18046875 0.93203125 0.12890625 0.1359375
0 0.296875 0.9140625 0.14765625 0.17109375
0 0.13828125 0.86328125 0.11875 0.12265625
0 0.16328125 0.78046875 0.1125 0.10078125
0 0.1703125 0.678125 0.14296875 0.1578125
0 0.865625 0.9484375 0.10703125 0.10234375
0 0.81015625 0.92421875 0.09375 0.07734375
0 0.88203125 0.8796875 0.05859375 0.07578125
0 0.8203125 0.878125 0.10078125 0.071875
0 0.71875 0.834375 0.0953125 0.0859375
0 0.96328125 0.8375 0.0734375 0.09375
0 0.89375 0.76640625 0.07890625 0.07734375
0 0.9078125 0.8234375 0.10078125 0.0875
0 0.815625 0.79609375 0.10703125 0.1125
0 0.7546875 0.77265625 0.07734375 0.10546875
0 0.9765625 0.740625 0.046875 0.1125
0 0.89296875 0.66953125 0.10078125 0.1140625
0 0.81640625 0.71953125 0.115625 0.10390625
0 0.69765625 0.7421875 0.10390625 0.0859375
0 0.74296875 0.65703125 0.12734375 0.12578125
0 0.64921875 0.671875 0.1109375 0.10546875
0 0.61171875 0.75234375 0.10546875 0.1328125
0 0.55625 0.646875 0.12265625 0.115625
0 0.50703125 0.771875 0.12421875 0.1578125
0 0.39375 0.83125 0.1390625 0.1796875
0 0.4734375 0.6828125 0.07734375 0.0875
0 0.415625 0.7234375 0.0921875 0.1109375
0 0.33125 0.70703125 0.10234375 0.0921875
0 0.25625 0.66953125 0.10546875 0.10078125
0 0.384375 0.66328125 0.09765625 0.1125
0 0.26171875 0.59453125 0.1140625 0.0953125
0 0.2875 0.54140625 0.115625 0.12265625
0 0.9921875 0.51484375 0.01484375 0.09375
0 0.9421875 0.4875 0.10546875 0.12890625
0 0.865625 0.4671875 0.090625 0.11875
0 0.959375 0.41796875 0.08046875 0.090625
0 0.83125 0.41796875 0.0890625 0.0734375
0 0.93984375 0.38359375 0.0640625 0.0484375
0 0.884375 0.3796875 0.0734375 0.0953125
0 0.975 0.309375 0.05 0.109375
0 0.93046875 0.321875 0.1125 0.1109375
0 0.98203125 0.23515625 0.03515625 0.12734375
0 0.99375 0.115625 0.01171875 0.14765625
0 0.92421875 0.24375 0.05390625 0.05859375
0 0.7546875 0.4359375 0.0734375 0.12734375
0 0.6828125 0.42890625 0.10078125 0.11875
0 0.6296875 0.409375 0.0859375 0.10703125
0 0.8171875 0.3234375 0.10390625 0.0875
0 0.6765625 0.35234375 0.0640625 0.0875
0 0.75859375 0.34296875 0.090625 0.09921875
0 0.70234375 0.3328125 0.0890625 0.05859375
0 0.625 0.33828125 0.0921875 0.09921875
0 0.48828125 0.36171875 0.0703125 0.07890625
0 0.4046875 0.3515625 0.08046875 0.071875
0 0.840625 0.253125 0.09375 0.1140625
0 0.68671875 0.26640625 0.115625 0.10390625
0 0.7484375 0.25703125 0.10078125 0.090625
0 0.7953125 0.20390625 0.090625 0.09921875
0 0.89375 0.19453125 0.12265625 0.090625
0 0.9421875 0.09921875 0.109375 0.12421875
0 0.8703125 0.1703125 0.071875 0.0890625
0 0.8609375 0.0859375 0.12109375 0.10703125
0 0.9140625 0.0203125 0.1109375 0.040625
0 0.83046875 0.0359375 0.0875 0.071875
0 0.76484375 0.03046875 0.0734375 0.06015625
0 0.53359375 0.33984375 0.07734375 0.09921875
0 0.55546875 0.290625 0.10703125 0.0875
0 0.62578125 0.24765625 0.08046875 0.0921875
0 0.7171875 0.1859375 0.0921875 0.090625
0 0.79609375 0.1296875 0.07890625 0.0859375
0 0.73046875 0.11484375 0.1125 0.0953125
0 0.6703125 0.13828125 0.071875 0.0859375
0 0.625 0.16640625 0.0921875 0.0875
0 0.5796875 0.1296875 0.071875 0.07578125
0 0.559375 0.21953125 0.11875 0.1109375
0 0.4359375 0.3171875 0.0703125 0.0703125
0 0.48828125 0.2734375 0.0703125 0.0671875
0 0.409375 0.25 0.140625 0.14453125
0 0.490625 0.1859375 0.0859375 0.12734375
0 0.53046875 0.13671875 0.0703125 0.08203125
0 0.68046875 0.04375 0.0890625 0.0875
0 0.4015625 0.12734375 0.1390625 0.14765625
0 0.51171875 0.0625 0.0984375 0.125
0 0.62265625 0.04453125 0.0703125 0.0890625
0 0.70703125 0.01640625 0.0734375 0.0328125
0 0.56328125 0.04609375 0.08203125 0.0921875
0 0.43828125 0.03671875 0.10390625 0.0734375