0 0.0828125 0.0421875 0.09375 0.084375
0 0.22578125 0.03515625 0.0953125 0.0703125
0 0.33046875 0.0515625 0.0859375 0.096875
0 0.47265625 0.04296875 0.1015625 0.0859375
0 0.57421875 0.02890625 0.0921875 0.0578125
0 0.53828125 0.0765625 0.0828125 0.08125
0 0.47109375 0.12265625 0.1484375 0.0765625
0 0.6390625 0.04453125 0.10625 0.0890625
0 0.80078125 0.07421875 0.1203125 0.1484375
0 0.6921875 0.0921875 0.1375 0.178125
0 0.83984375 0.14921875 0.1109375 0.1140625
0 0.81640625 0.2265625 0.1046875 0.09375
0 0.81015625 0.321875 0.1328125 0.146875
0 0.02265625 0.14296875 0.0453125 0.0796875
0 0.1625 0.06484375 0.1 0.1046875
0 0.2140625 0.0921875 0.0875 0.071875
0 0.14765625 0.13359375 0.0546875 0.0703125
0 0.2046875 0.13515625 0.09375 0.0671875
0 0.29921875 0.17578125 0.0890625 0.0796875
0 0.06171875 0.1734375 0.0890625 0.0875
0 0.13671875 0.2390625 0.0734375 0.071875
0 0.1234375 0.1859375 0.09375 0.08125
0 0.209375 0.21171875 0.1 0.1046875
0 0.265625 0.23359375 0.071875 0.0984375
0 0.040625 0.26328125 0.08125 0.1046875
0 0.1375 0.3296875 0.09375 0.10625
0 0.20859375 0.2828125 0.1078125 0.096875
0 0.31875 0.26171875 0.096875 0.0796875
0 0.2765625 0.34140625 0.11875 0.1171875
0 0.3640625 0.32734375 0.103125 0.0984375
0 0.39921875 0.25234375 0.0984375 0.1234375
0 0.45078125 0.35078125 0.1140625 0.1078125
0 0.496875 0.234375 0.115625 0.146875
0 0.60234375 0.17890625 0.1296875 0.1671875
0 0.528125 0.3171875 0.071875 0.08125
0 0.58203125 0.2796875 0.0859375 0.103125
0 0.66015625 0.29453125 0.0953125 0.0859375
0 0.73046875 0.3296875 0.0984375 0.09375
0 0.6109375 0.33515625 0.090625 0.1046875
0 0.725 0.39921875 0.10625 0.0890625
0 0.70078125 0.44921875 0.1078125 0.1140625
0 0.0265625 0.4734375 0.05 0.0875
0 0.0203125 0.56640625 0.040625 0.0796875
0 0.09140625 0.49921875 0.0984375 0.1203125
0 0.1625 0.51796875 0.084375 0.1109375
0 0.0703125 0.5640625 0.084375 0.084375
0 0.19453125 0.5640625 0.0828125 0.06875
0 0.09375 0.59609375 0.059375 0.0453125
0 0.1453125 0.59921875 0.06875 0.0890625
0 0.0421875 0.66484375 0.084375 0.1015625
0 0.10234375 0.653125 0.1046875 0.103125
0 0.03515625 0.734375 0.0703125 0.11875
0 0.02421875 0.8453125 0.0484375 0.1375
0 0.03828125 0.9640625 0.0765625 0.071875
0 0.1078125 0.72578125 0.05 0.0546875
0 0.265625 0.546875 0.06875 0.11875
0 0.3328125 0.55390625 0.09375 0.1109375
0 0.38203125 0.571875 0.0796875 0.1
0 0.2078125 0.6515625 0.096875 0.08125
0 0.3390625 0.625 0.059375 0.08125
0 0.2625 0.63359375 0.084375 0.0921875
0 0.31484375 0.64296875 0.0828125 0.0546875
0 0.38671875 0.63828125 0.0859375 0.0921875
0 0.5140625 0.61640625 0.065625 0.0734375
0 0.5921875 0.62578125 0.075 0.0671875
0 0.1859375 0.7171875 0.0875 0.10625
0 0.32890625 0.7046875 0.1078125 0.096875
0 0.271875 0.7140625 0.09375 0.084375
0 0.228125 0.76328125 0.084375 0.0921875
0 0.13671875 0.771875 0.1140625 0.084375
0 0.09140625 0.8609375 0.1015625 0.115625
0 0.15859375 0.79453125 0.0671875 0.0828125
0 0.1671875 0.8734375 0.1125 0.1
0 0.1171875 0.9578125 0.103125 0.084375
0 0.1953125 0.94296875 0.08125 0.1140625
0 0.25625 0.9421875 0.06875 0.090625
0 0.471875 0.63671875 0.071875 0.0921875
0 0.4515625 0.6828125 0.1 0.08125
0 0.3859375 0.72265625 0.075 0.0859375
0 0.30078125 0.7796875 0.0859375 0.084375
0 0.22734375 0.83203125 0.0734375 0.0796875
0 0.28828125 0.84609375 0.1046875 0.0890625
0 0.34453125 0.82421875 0.0671875 0.0796875
0 0.38671875 0.7984375 0.0859375 0.08125
0 0.42890625 0.83203125 0.0671875 0.0703125
0 0.44765625 0.7484375 0.1109375 0.103125
0 0.5625 0.6578125 0.065625 0.065625
0 0.5140625 0.6984375 0.065625 0.0625
0 0.5875 0.7203125 0.13125 0.134375
0 0.51171875 0.7796875 0.0796875 0.11875
0 0.475 0.82578125 0.065625 0.0765625
0 0.33515625 0.91796875 0.0828125 0.0921875
0 0.59453125 0.834375 0.1296875 0.1375
0 0.49296875 0.9109375 0.0921875 0.146875
0 0.3890625 0.91796875 0.065625 0.0953125
0 0.3109375 0.96171875 0.06875 0.0765625
0 0.37109375 0.97734375 0.0796875 0.0421875
0 0.44453125 0.93125 0.0765625 0.128125
0 0.5609375 0.9421875 0.096875 0.115625