0 0.0671875 0.95703125 0.1 0.0859375
0 0.2203125 0.9640625 0.1015625 0.07109375
0 0.33125 0.9484375 0.09140625 0.103125
0 0.48203125 0.95625 0.1078125 0.0875
0 0.590625 0.97109375 0.09765625 0.0578125
0 0.55234375 0.921875 0.08828125 0.08671875
0 0.48125 0.87265625 0.1578125 0.08125
0 0.65859375 0.9546875 0.1140625 0.090625
0 0.83125 0.92265625 0.128125 0.1546875
0 0.715625 0.90546875 0.14609375 0.1890625
0 0.87265625 0.84453125 0.11796875 0.12109375
0 0.84765625 0.7625 0.1109375 0.1
0 0.84140625 0.6609375 0.14140625 0.15625
0 0.0140625 0.8515625 0.028125 0.084375
0 0.153125 0.934375 0.10625 0.1109375
0 0.2078125 0.90546875 0.09296875 0.0765625
0 0.13671875 0.8609375 0.0578125 0.075
0 0.19765625 0.859375 0.1 0.07109375
0 0.2984375 0.81640625 0.09453125 0.084375
0 0.046875 0.81875 0.09296875 0.09296875
0 0.12578125 0.74921875 0.078125 0.0765625
0 0.1109375 0.80546875 0.1 0.08671875
0 0.20234375 0.778125 0.10625 0.1109375
0 0.2625 0.7546875 0.0765625 0.1046875
0 0.03359375 0.7234375 0.06640625 0.1109375
0 0.1265625 0.653125 0.1 0.11328125
0 0.2015625 0.70234375 0.11484375 0.103125
0 0.31875 0.725 0.103125 0.084375
0 0.27421875 0.640625 0.1265625 0.12421875
0 0.3671875 0.65546875 0.109375 0.1046875
0 0.4046875 0.73515625 0.1046875 0.13125
0 0.459375 0.63046875 0.12109375 0.11484375
0 0.50859375 0.75390625 0.12265625 0.15625
0 0.6203125 0.81328125 0.1375 0.178125
0 0.54140625 0.66640625 0.0765625 0.08671875
0 0.59921875 0.70625 0.09140625 0.109375
0 0.68203125 0.68984375 0.1015625 0.09140625
0 0.75703125 0.653125 0.1046875 0.1
0 0.6296875 0.646875 0.09609375 0.1109375
0 0.75078125 0.57890625 0.11328125 0.09453125
0 0.725 0.52578125 0.11484375 0.12109375
0 0.0171875 0.50078125 0.034375 0.0921875
0 0.01171875 0.40078125 0.0234375 0.084375
0 0.07734375 0.47265625 0.1046875 0.128125
0 0.153125 0.45234375 0.08984375 0.11796875
0 0.0546875 0.40390625 0.08984375 0.08984375
0 0.18671875 0.40390625 0.08828125 0.0734375
0 0.0796875 0.36953125 0.06328125 0.0484375
0 0.134375 0.36640625 0.0734375 0.09453125
0 0.03515625 0.296875 0.06953125 0.1078125
0 0.0890625 0.30859375 0.1109375 0.109375
0 0.02734375 0.22265625 0.0546875 0.1265625
0 0.015625 0.1046875 0.03125 0.14609375
0 0.09453125 0.23203125 0.053125 0.0578125
0 0.2625 0.421875 0.0734375 0.1265625
0 0.33359375 0.4140625 0.1 0.11796875
0 0.3859375 0.3953125 0.084375 0.10625
0 0.20078125 0.3109375 0.103125 0.08671875
0 0.340625 0.3390625 0.06328125 0.08671875
0 0.259375 0.3296875 0.08984375 0.09765625
0 0.31484375 0.31953125 0.08828125 0.0578125
0 0.39140625 0.325 0.09140625 0.09765625
0 0.5265625 0.34765625 0.06953125 0.078125
0 0.609375 0.33828125 0.0796875 0.07109375
0 0.178125 0.240625 0.09296875 0.11328125
0 0.3296875 0.25390625 0.11484375 0.103125
0 0.26875 0.24453125 0.1 0.08984375
0 0.22265625 0.1921875 0.08984375 0.09765625
0 0.12578125 0.1828125 0.12109375 0.08984375
0 0.07734375 0.08828125 0.1078125 0.12265625
0 0.1484375 0.15859375 0.07109375 0.08828125
0 0.1578125 0.075 0.11953125 0.10625
0 0.1046875 0.01484375 0.109375 0.0296875
0 0.18671875 0.03125 0.0859375 0.0625
0 0.25234375 0.025 0.0734375 0.05
0 0.48203125 0.3265625 0.0765625 0.09765625
0 0.46015625 0.27734375 0.10625 0.08671875
0 0.390625 0.23515625 0.0796875 0.09140625
0 0.3 0.17421875 0.09140625 0.08984375
0 0.221875 0.11875 0.078125 0.084375
0 0.28671875 0.10390625 0.1109375 0.09453125
0 0.34609375 0.12734375 0.07109375 0.084375
0 0.39140625 0.1546875 0.09140625 0.08671875
0 0.4359375 0.11875 0.07109375 0.075
0 0.45625 0.2078125 0.11796875 0.109375
0 0.578125 0.30390625 0.06953125 0.06953125
0 0.5265625 0.2609375 0.06953125 0.06640625
0 0.6046875 0.2375 0.13984375 0.14296875
0 0.52421875 0.17421875 0.084375 0.1265625
0 0.48515625 0.12578125 0.06953125 0.08125
0 0.33671875 0.03828125 0.08828125 0.0765625
0 0.6125 0.11640625 0.1375 0.14609375
0 0.503125 0.05703125 0.096875 0.1140625
0 0.39375 0.0390625 0.06953125 0.078125
0 0.3109375 0.0109375 0.0734375 0.021875
0 0.45234375 0.040625 0.08125 0.08125
0 0.5765625 0.03203125 0.103125 0.0640625