0 0.3921875 0.9625 0.090625 0.07421875
0 0.34609375 0.99375 0.0953125 0.0125
0 0.4953125 0.9515625 0.134375 0.096875
0 0.58046875 0.97578125 0.059375 0.04765625
0 0.63125 0.97421875 0.0578125 0.05078125
0 0.715625 0.928125 0.10390625 0.09375
0 0.734375 0.975 0.1125 0.04921875
0 0.8625 0.9765625 0.07734375 0.04609375
0 0.9265625 0.9421875 0.06796875 0.07890625
0 0.953125 0.99140625 0.07421875 0.01640625
0 0.98046875 0.91796875 0.0390625 0.0984375
0 0.9703125 0.80703125 0.059375 0.1125
0 0.40859375 0.07890625 0.1234375 0.10859375
0 0.1125 0.2703125 0.09609375 0.10234375
0 0.02734375 0.05234375 0.0546875 0.10390625