0 0.8296875 0.6984375 0.15234375 0.14921875
0 0.96953125 0.765625 0.0609375 0.121875
0 0.95390625 0.903125 0.06640625 0.0796875
0 0.9109375 0.925 0.06484375 0.078125
0 0.86328125 0.95546875 0.090625 0.0765625
0 0.790625 0.9625 0.05546875 0.075
0 0.98125 0.9265625 0.0375 0.075
0 0.98828125 0.97578125 0.02265625 0.0484375
0 0.9421875 0.975 0.05703125 0.05
0 0.8796875 0.778125 0.1296875 0.125
0 0.7453125 0.78359375 0.1171875 0.10234375
0 0.8375 0.8640625 0.11015625 0.10234375
0 0.7171875 0.8453125 0.09453125 0.0796875
0 0.6234375 0.8375 0.1265625 0.1203125
0 0.5265625 0.9234375 0.0828125 0.075
0 0.646875 0.9234375 0.10859375 0.084375
0 0.64765625 0.97734375 0.1296875 0.0453125
0 0.36875 0.51953125 0.07109375 0.075
0 0.29375 0.53046875 0.075 0.090625
0 0.2296875 0.47890625 0.10546875 0.0875
0 0.21328125 0.55703125 0.06953125 0.06796875
0 0.2125 0.62109375 0.075 0.06640625
0 0.1578125 0.55625 0.06796875 0.0765625
0 0.1546875 0.48828125 0.06640625 0.05546875
0 0.1109375 0.421875 0.06640625 0.06171875
0 0.0109375 0.43125 0.02109375 0.05390625
0 0.0171875 0.49140625 0.034375 0.06953125
0 0.1015625 0.50078125 0.0796875 0.0796875
0 0.09296875 0.6125 0.0859375 0.128125
0 0.03046875 0.59375 0.0609375 0.06875
0 0.0453125 0.690625 0.090625 0.0921875
0 0.02890625 0.7546875 0.0578125 0.115625