0 0.9796875 0.0765625 0.03984375 0.11484375
0 0.92421875 0.0359375 0.11328125 0.071875
0 0.8734375 0.0984375 0.0703125 0.078125
0 0.9359375 0.1171875 0.0765625 0.09140625
0 0.9578125 0.18984375 0.084375 0.09609375
0 0.85 0.1734375 0.10859375 0.06875
0 0.871875 0.215625 0.09609375 0.0703125
0 0.81328125 0.26875 0.12109375 0.10546875
0 0.78359375 0.34609375 0.1296875 0.09453125
0 0.71640625 0.4234375 0.09765625 0.11484375
0 0.98046875 0.3890625 0.03828125 0.04609375
0 0.95 0.434375 0.0625 0.0640625
0 0.8734375 0.5109375 0.0671875 0.0609375
0 0.79765625 0.53828125 0.09140625 0.10234375
0 0.84375 0.621875 0.09609375 0.11953125
0 0.925 0.58203125 0.0640625 0.059375
0 0.9265625 0.63671875 0.0703125 0.059375
0 0.9609375 0.68671875 0.059375 0.0734375
0 0.9015625 0.71171875 0.06875 0.08125
0 0.7984375 0.71953125 0.0546875 0.06875
0 0.7640625 0.690625 0.04921875 0.04296875
0 0.71328125 0.6734375 0.078125 0.11328125
0 0.73984375 0.73125 0.0578125 0.0640625
0 0.65703125 0.73984375 0.0625 0.0578125
0 0.65078125 0.78046875 0.05234375 0.059375
0 0.61875 0.81875 0.05625 0.05625
0 0.5796875 0.778125 0.0546875 0.0546875
0 0.53203125 0.7640625 0.0640625 0.071875
0 0.52734375 0.82265625 0.05078125 0.0671875
0 0.5671875 0.83125 0.0546875 0.059375
0 0.58828125 0.9125 0.10078125 0.11796875
0 0.465625 0.93515625 0.0875 0.075
0 0.4609375 0.86875 0.059375 0.05078125
0 0.81484375 0.8546875 0.0578125 0.04453125
0 0.79609375 0.8140625 0.04296875 0.04296875
0 0.8859375 0.846875 0.078125 0.1375
0 0.96015625 0.85546875 0.0796875 0.10390625
0 0.921875 0.96015625 0.15625 0.0796875
0 0.66875 0.515625 0.16796875 0.11796875
0 0.61484375 0.559375 0.10859375 0.08984375
0 0.54296875 0.62265625 0.09921875 0.153125
0 0.425 0.71640625 0.128125 0.1484375
0 0.346875 0.7390625 0.09296875 0.10703125
0 0.35703125 0.84453125 0.0875 0.11640625
0 0.2703125 0.7828125 0.09296875 0.10859375
0 0.1921875 0.81484375 0.10078125 0.0828125
0 0.1875 0.8578125 0.078125 0.0859375
0 0.10859375 0.8703125 0.09609375 0.09921875
0 0.03125 0.8921875 0.0625 0.11328125
0 0.03359375 0.97421875 0.0671875 0.05078125
0 0.078125 0.9453125 0.0828125 0.0859375
0 0.15390625 0.946875 0.1640625 0.10625
0 0.1734375 0.72109375 0.03671875 0.03359375
0 0.06796875 0.75546875 0.10078125 0.08984375
0 0.21875 0.55078125 0.03515625 0.02578125
0 0.321875 0.49453125 0.03671875 0.03046875
0 0.38671875 0.44765625 0.03515625 0.03203125
0 0.16640625 0.46328125 0.0546875 0.0578125
0 0.6953125 0.0109375 0.090625 0.021875
0 0.6203125 0.02109375 0.11328125 0.04140625
0 0.64609375 0.07734375 0.03671875 0.03984375
0 0.57734375 0.184375 0.071875 0.06875
0 0.515625 0.1515625 0.04140625 0.04453125
0 0.5828125 0.31015625 0.05078125 0.0578125
0 0.628125 0.35625 0.0765625 0.04140625
0 0.39375 0.1625 0.03671875 0.02109375
0 0.38125 0.1890625 0.04296875 0.04609375
0 0.3234375 0.1515625 0.04609375 0.0609375
0 0.228125 0.16015625 0.0578125 0.03671875
0 0.175 0.1546875 0.03671875 0.04453125
0 0.13046875 0.153125 0.04921875 0.0640625
0 0.0328125 0.1546875 0.065625 0.09296875
0 0.015625 0.23515625 0.03125 0.0859375
0 0.078125 0.3671875 0.0671875 0.03515625
0 0.08203125 0.3328125 0.065625 0.03359375
0 0.0640625 0.3046875 0.05078125 0.04609375
0 0.17578125 0.50546875 0.03515625 0.02421875
0 0.1140625 0.59921875 0.03671875 0.04453125
0 0.01640625 0.646875 0.0328125 0.053125