0 0.0265625 0.9296875 0.05234375 0.11484375
0 0.08828125 0.9671875 0.11328125 0.065625
0 0.1390625 0.9078125 0.0703125 0.078125
0 0.0765625 0.8890625 0.0765625 0.09140625
0 0.053125 0.81640625 0.0875 0.09609375
0 0.16328125 0.8328125 0.10859375 0.06875
0 0.140625 0.790625 0.09609375 0.0703125
0 0.2 0.73828125 0.12109375 0.10546875
0 0.22890625 0.66015625 0.1296875 0.09453125
0 0.29609375 0.5828125 0.09765625 0.11484375
0 0.0265625 0.6171875 0.04921875 0.04609375
0 0.06328125 0.571875 0.0625 0.0640625
0 0.1390625 0.4953125 0.0671875 0.0609375
0 0.21484375 0.46796875 0.09140625 0.10234375
0 0.16953125 0.384375 0.09609375 0.11953125
0 0.0875 0.42421875 0.0640625 0.059375
0 0.0859375 0.36953125 0.0703125 0.059375
0 0.0515625 0.31953125 0.059375 0.0734375
0 0.1109375 0.29453125 0.06875 0.08125
0 0.2140625 0.28671875 0.0546875 0.06875
0 0.2484375 0.315625 0.04921875 0.04296875
0 0.29921875 0.3328125 0.078125 0.11328125
0 0.2734375 0.275 0.0578125 0.0640625
0 0.35546875 0.26640625 0.0625 0.0578125
0 0.36171875 0.22578125 0.05234375 0.059375
0 0.39375 0.1875 0.05625 0.05625
0 0.4328125 0.228125 0.0546875 0.0546875
0 0.48046875 0.2421875 0.0640625 0.071875
0 0.4859375 0.18359375 0.05078125 0.0671875
0 0.4453125 0.175 0.0546875 0.059375
0 0.42421875 0.09453125 0.10078125 0.11796875
0 0.546875 0.07109375 0.0875 0.075
0 0.5515625 0.1375 0.059375 0.05078125
0 0.1984375 0.1515625 0.0578125 0.04453125
0 0.21640625 0.1921875 0.04296875 0.04296875
0 0.12734375 0.159375 0.078125 0.1375
0 0.04609375 0.1515625 0.0921875 0.103125
0 0.084375 0.04296875 0.16875 0.0859375
0 0.34453125 0.490625 0.16796875 0.11796875
0 0.39765625 0.44765625 0.10859375 0.08984375
0 0.46953125 0.38359375 0.09921875 0.153125
0 0.5875 0.28984375 0.128125 0.1484375
0 0.66640625 0.2671875 0.09296875 0.10703125
0 0.65546875 0.1625 0.0875 0.11640625
0 0.74296875 0.2234375 0.09296875 0.10859375
0 0.8203125 0.19140625 0.10078125 0.0828125
0 0.825 0.1484375 0.078125 0.0859375
0 0.90390625 0.1359375 0.09609375 0.09921875
0 0.975 0.1140625 0.04921875 0.11328125
0 0.97265625 0.02890625 0.0546875 0.0578125
0 0.934375 0.0609375 0.0828125 0.0859375
0 0.859375 0.05625 0.16328125 0.11171875
0 0.83984375 0.28515625 0.03671875 0.03359375
0 0.94453125 0.25078125 0.10078125 0.08984375
0 0.79375 0.45546875 0.03515625 0.02578125
0 0.690625 0.51171875 0.03671875 0.03046875
0 0.6265625 0.559375 0.03515625 0.03203125
0 0.846875 0.54296875 0.0546875 0.0578125
0 0.31796875 0.9921875 0.08984375 0.015625
0 0.39140625 0.9828125 0.1140625 0.034375
0 0.36640625 0.92890625 0.03671875 0.03984375
0 0.43515625 0.821875 0.071875 0.06875
0 0.496875 0.8546875 0.04140625 0.04453125
0 0.4296875 0.696875 0.05078125 0.0578125
0 0.38515625 0.65 0.0765625 0.04140625
0 0.61875 0.84453125 0.03671875 0.02109375
0 0.63203125 0.8171875 0.04296875 0.04609375
0 0.6890625 0.8546875 0.04609375 0.0609375
0 0.784375 0.84609375 0.0578125 0.03671875
0 0.8375 0.8515625 0.03671875 0.04453125
0 0.8828125 0.853125 0.04921875 0.0640625
0 0.9734375 0.8515625 0.05234375 0.09296875
0 0.99140625 0.771875 0.0171875 0.0859375
0 0.934375 0.6390625 0.0671875 0.03515625
0 0.93046875 0.6734375 0.065625 0.03359375
0 0.94921875 0.70234375 0.05078125 0.04609375
0 0.83671875 0.50078125 0.03515625 0.02421875
0 0.8984375 0.40703125 0.03671875 0.04453125
0 0.98984375 0.359375 0.0203125 0.053125