0 0.02734375 0.084375 0.0546875 0.1125
0 0.08984375 0.03984375 0.1109375 0.0796875
0 0.1390625 0.10546875 0.06875 0.0765625
0 0.078125 0.12421875 0.075 0.0890625
0 0.05546875 0.1953125 0.0859375 0.09375
0 0.1625 0.17890625 0.10625 0.0671875
0 0.140625 0.2203125 0.09375 0.06875
0 0.1984375 0.271875 0.11875 0.103125
0 0.22734375 0.34765625 0.1265625 0.0921875
0 0.29296875 0.4234375 0.0953125 0.1125
0 0.02890625 0.38984375 0.0484375 0.0453125
0 0.06484375 0.434375 0.0609375 0.0625
0 0.1390625 0.509375 0.065625 0.059375
0 0.21328125 0.5359375 0.0890625 0.1
0 0.16875 0.61796875 0.09375 0.1171875
0 0.0890625 0.57890625 0.0625 0.0578125
0 0.0875 0.63203125 0.06875 0.0578125
0 0.05390625 0.68125 0.0578125 0.071875
0 0.11171875 0.70546875 0.0671875 0.0796875
0 0.2125 0.71328125 0.053125 0.0671875
0 0.24609375 0.68515625 0.0484375 0.0421875
0 0.29609375 0.66796875 0.0765625 0.1109375
0 0.2703125 0.725 0.05625 0.0625
0 0.35078125 0.7328125 0.0609375 0.05625
0 0.35703125 0.77265625 0.0515625 0.0578125
0 0.38828125 0.81015625 0.0546875 0.0546875
0 0.4265625 0.7703125 0.053125 0.053125
0 0.4734375 0.75703125 0.0625 0.0703125
0 0.478125 0.8140625 0.05 0.065625
0 0.4390625 0.82265625 0.053125 0.0578125
0 0.41796875 0.9015625 0.0984375 0.115625
0 0.53828125 0.92421875 0.0859375 0.0734375
0 0.54296875 0.859375 0.0578125 0.05
0 0.196875 0.8453125 0.05625 0.04375
0 0.21484375 0.80546875 0.0421875 0.0421875
0 0.12734375 0.8375 0.0765625 0.134375
0 0.046875 0.84609375 0.09375 0.1015625
0 0.084375 0.95390625 0.16875 0.0890625
0 0.33984375 0.5140625 0.1640625 0.115625
0 0.3921875 0.55625 0.10625 0.0875
0 0.4625 0.61875 0.096875 0.15
0 0.578125 0.71015625 0.125 0.1453125
0 0.6546875 0.73203125 0.090625 0.1046875
0 0.64453125 0.83515625 0.0859375 0.1140625
0 0.7296875 0.775 0.090625 0.10625
0 0.80546875 0.80625 0.0984375 0.08125
0 0.81015625 0.8484375 0.0765625 0.084375
0 0.8875 0.8609375 0.09375 0.096875
0 0.96640625 0.88203125 0.0671875 0.1109375
0 0.9640625 0.9671875 0.071875 0.059375
0 0.9171875 0.934375 0.08125 0.084375
0 0.84375 0.9421875 0.159375 0.115625
0 0.82421875 0.71484375 0.0359375 0.0328125
0 0.92734375 0.7484375 0.0984375 0.0875
0 0.7796875 0.5484375 0.034375 0.025
0 0.67890625 0.49296875 0.0359375 0.0296875
0 0.615625 0.446875 0.034375 0.03125
0 0.83125 0.4625 0.053125 0.05625
0 0.3140625 0.015625 0.0875 0.03125
0 0.38671875 0.025 0.1109375 0.05
0 0.36171875 0.08515625 0.0359375 0.0390625
0 0.42890625 0.18984375 0.0703125 0.0671875
0 0.4890625 0.1578125 0.040625 0.04375
0 0.4234375 0.3125 0.05 0.05625
0 0.3796875 0.3578125 0.075 0.040625
0 0.60859375 0.16796875 0.0359375 0.0203125
0 0.62109375 0.19453125 0.0421875 0.0453125
0 0.67734375 0.1578125 0.0453125 0.059375
0 0.7703125 0.16640625 0.05625 0.0359375
0 0.82265625 0.1609375 0.0359375 0.04375
0 0.86640625 0.159375 0.0484375 0.0625
0 0.96484375 0.1609375 0.0703125 0.090625
0 0.98203125 0.2390625 0.0359375 0.084375
0 0.9171875 0.36875 0.065625 0.034375
0 0.91328125 0.33515625 0.0640625 0.0328125
0 0.93125 0.30703125 0.05 0.0453125
0 0.821875 0.50390625 0.034375 0.0234375
0 0.88203125 0.5953125 0.0359375 0.04375
0 0.9796875 0.64296875 0.034375 0.0515625