0 0.55859375 0.03671875 0.0515625 0.0484375
0 0.5765625 0.02265625 0.05 0.0453125
0 0.60390625 0.02734375 0.0484375 0.0328125
0 0.56953125 0.0859375 0.0453125 0.040625
0 0.61953125 0.11171875 0.0578125 0.0515625
0 0.56796875 0.1421875 0.0484375 0.05
0 0.60546875 0.14296875 0.0484375 0.0578125
0 0.59453125 0.22734375 0.0671875 0.0421875
0 0.5671875 0.3234375 0.053125 0.05
0 0.571875 0.45625 0.13125 0.125
0 0.46875 0.4984375 0.0875 0.084375
0 0.47578125 0.55859375 0.0765625 0.0484375
0 0.4734375 0.6015625 0.06875 0.040625
0 0.475 0.62890625 0.071875 0.0328125
0 0.46796875 0.6609375 0.0765625 0.034375
0 0.4625 0.69609375 0.071875 0.0484375
0 0.39453125 0.66015625 0.0578125 0.0578125
0 0.0296875 0.6578125 0.059375 0.084375
0 0.078125 0.7015625 0.1125 0.090625
0 0.12890625 0.66640625 0.0609375 0.0671875
0 0.18515625 0.6515625 0.0765625 0.06875
0 0.30625 0.6953125 0.059375 0.071875
0 0.32421875 0.64921875 0.0671875 0.0578125
0 0.2453125 0.69453125 0.134375 0.1109375
0 0.35625 0.8046875 0.071875 0.071875
0 0.4421875 0.80546875 0.0625 0.0859375
0 0.52265625 0.80390625 0.0671875 0.0890625
0 0.58828125 0.8265625 0.0578125 0.059375
0 0.5453125 0.5921875 0.0375 0.034375
0 0.59765625 0.60234375 0.0515625 0.0515625
0 0.63125 0.57265625 0.059375 0.0484375
0 0.728125 0.64453125 0.0625 0.0671875
0 0.775 0.72109375 0.0375 0.0484375
0 0.80859375 0.7328125 0.0359375 0.0375
0 0.76171875 0.40859375 0.0953125 0.1078125
0 0.82421875 0.36171875 0.0828125 0.0984375
0 0.78359375 0.30234375 0.0484375 0.0484375
0 0.78359375 0.5578125 0.0796875 0.059375
0 0.8171875 0.60546875 0.05 0.0359375
0 0.83515625 0.6421875 0.0484375 0.040625
0 0.9421875 0.66796875 0.04375 0.0484375
0 0.97109375 0.64609375 0.0359375 0.0578125
0 0.8171875 0.68046875 0.0375 0.0390625
0 0.68125 0.9796875 0.08125 0.040625
0 0.53359375 0.9640625 0.0359375 0.06875
0 0.48671875 0.95859375 0.0578125 0.0828125
0 0.32890625 0.96875 0.0765625 0.0625
0 0.13515625 0.771875 0.0765625 0.090625
0 0.0609375 0.76328125 0.0875 0.0765625
0 0.790625 0.5 0.075 0.06875
0 0.8875 0.55625 0.053125 0.053125
0 0.91953125 0.56328125 0.0421875 0.0484375