0 0.5609375 0.9765625 0.05625 0.046875
0 0.58125 0.984375 0.05390625 0.03046875
0 0.61015625 0.9859375 0.0515625 0.028125
0 0.5734375 0.92578125 0.04921875 0.04375
0 0.628125 0.89765625 0.0625 0.05625
0 0.571875 0.8640625 0.05234375 0.05390625
0 0.6125 0.86328125 0.05234375 0.0625
0 0.60078125 0.771875 0.07265625 0.04609375
0 0.57109375 0.66796875 0.0578125 0.05390625
0 0.5765625 0.5234375 0.1421875 0.1359375
0 0.4640625 0.478125 0.09453125 0.09140625
0 0.471875 0.4125 0.0828125 0.05234375
0 0.46953125 0.36640625 0.07421875 0.04375
0 0.47109375 0.33671875 0.078125 0.0359375
0 0.46328125 0.3015625 0.0828125 0.0375
0 0.4578125 0.26328125 0.078125 0.05234375
0 0.38359375 0.30234375 0.0625 0.0625
0 0.01015625 0.30546875 0.0203125 0.09140625
0 0.05078125 0.2578125 0.1015625 0.0984375
0 0.09609375 0.29609375 0.06640625 0.07265625
0 0.15703125 0.31171875 0.0828125 0.07421875
0 0.28828125 0.2640625 0.0640625 0.078125
0 0.3078125 0.3140625 0.07265625 0.0625
0 0.221875 0.265625 0.14609375 0.1203125
0 0.3421875 0.14609375 0.078125 0.078125
0 0.4359375 0.14453125 0.06796875 0.09296875
0 0.52265625 0.146875 0.07265625 0.096875
0 0.59375 0.121875 0.0625 0.0640625
0 0.54765625 0.3765625 0.040625 0.0375
0 0.60390625 0.365625 0.05625 0.05625
0 0.640625 0.39765625 0.0640625 0.05234375
0 0.74609375 0.31953125 0.06796875 0.07265625
0 0.796875 0.23671875 0.040625 0.05234375
0 0.8328125 0.2234375 0.0390625 0.040625
0 0.78203125 0.57578125 0.103125 0.1171875
0 0.85 0.6265625 0.08984375 0.10703125
0 0.80625 0.690625 0.05234375 0.05234375
0 0.80625 0.41328125 0.08671875 0.0640625
0 0.8421875 0.36171875 0.05390625 0.0390625
0 0.86171875 0.321875 0.05234375 0.04375
0 0.9765625 0.29453125 0.046875 0.0515625
0 0.99453125 0.31796875 0.01015625 0.0625
0 0.8421875 0.28046875 0.040625 0.0421875
0 0.48359375 0.01171875 0.0625 0.0234375
0 0.10234375 0.18125 0.0828125 0.0984375
0 0.034375 0.19140625 0.06875 0.0828125
0 0.81328125 0.4765625 0.08125 0.07421875
0 0.91875 0.415625 0.0578125 0.0578125
0 0.953125 0.4078125 0.04609375 0.05234375