0 0.58046875 0.984375 0.05703125 0.03125
0 0.60078125 0.99296875 0.05546875 0.0140625
0 0.63125 0.99375 0.05390625 0.0125
0 0.59296875 0.940625 0.05 0.0453125
0 0.6484375 0.9125 0.0640625 0.05703125
0 0.59140625 0.878125 0.05390625 0.05546875
0 0.6328125 0.87734375 0.05390625 0.0640625
0 0.6203125 0.78359375 0.075 0.046875
0 0.590625 0.67734375 0.059375 0.05546875
0 0.5953125 0.5296875 0.14609375 0.1390625
0 0.48125 0.4828125 0.096875 0.09375
0 0.4890625 0.415625 0.08515625 0.05390625
0 0.4859375 0.36796875 0.0765625 0.0453125
0 0.4875 0.3375 0.0796875 0.03671875
0 0.4796875 0.30234375 0.08515625 0.03828125
0 0.47421875 0.26328125 0.0796875 0.05390625
0 0.3984375 0.303125 0.0640625 0.0640625
0 0.01328125 0.30546875 0.02578125 0.09375
0 0.0546875 0.25703125 0.109375 0.10078125
0 0.103125 0.29609375 0.06796875 0.075
0 0.165625 0.3125 0.08515625 0.0765625
0 0.3 0.2640625 0.065625 0.0796875
0 0.3203125 0.31484375 0.075 0.0640625
0 0.2328125 0.26484375 0.14921875 0.1234375
0 0.35625 0.1421875 0.0796875 0.0796875
0 0.4515625 0.14140625 0.06953125 0.0953125
0 0.540625 0.14296875 0.075 0.09921875
0 0.6140625 0.11796875 0.0640625 0.065625
0 0.565625 0.378125 0.04140625 0.03828125
0 0.62421875 0.3671875 0.05703125 0.05703125
0 0.66171875 0.4 0.065625 0.05390625
0 0.76875 0.3203125 0.06953125 0.075
0 0.82109375 0.23515625 0.04140625 0.05390625
0 0.85859375 0.221875 0.03984375 0.04140625
0 0.80625 0.5828125 0.10625 0.11953125
0 0.87578125 0.634375 0.0921875 0.109375
0 0.83046875 0.70078125 0.05390625 0.05390625
0 0.83046875 0.41640625 0.08828125 0.065625
0 0.86796875 0.3640625 0.05546875 0.03984375
0 0.88828125 0.32265625 0.05390625 0.0453125
0 0.99140625 0.29453125 0.0171875 0.05390625
0 0.86796875 0.28046875 0.04140625 0.04375
0 0.11015625 0.17890625 0.08515625 0.10078125
0 0.03828125 0.18828125 0.0765625 0.08515625
0 0.83828125 0.48125 0.08359375 0.0765625
0 0.94609375 0.41875 0.059375 0.059375
0 0.97890625 0.4109375 0.04140625 0.05390625