0 0.021875 0.05390625 0.04375 0.1078125
0 0.040625 0.12109375 0.00625 0.0015625
0 0.05625 0.03828125 0.103125 0.0765625
0 0.01015625 0.4046875 0.0171875 0.1125
0 0.03828125 0.39453125 0.0515625 0.0890625
0 0.05859375 0.3359375 0.0484375 0.053125
0 0.1109375 0.35234375 0.05 0.0828125
0 0.084375 0.390625 0.05625 0.0625
0 0.1671875 0.3453125 0.0375 0.0625
0 0.21015625 0.33671875 0.0890625 0.1109375
0 0.2640625 0.2875 0.059375 0.08125
0 0.33203125 0.3421875 0.0703125 0.05
0 0.34296875 0.24296875 0.0796875 0.0640625
0 0.3921875 0.27109375 0.071875 0.0796875
0 0.40390625 0.34609375 0.0703125 0.0765625
0 0.44140625 0.27265625 0.0640625 0.0640625
0 0.45859375 0.3328125 0.0578125 0.065625
0 0.49296875 0.28515625 0.0484375 0.0421875
0 0.50859375 0.30546875 0.0609375 0.0609375
0 0.57421875 0.33046875 0.0859375 0.0890625
0 0.48046875 0.21328125 0.0546875 0.0890625
0 0.53203125 0.2203125 0.0671875 0.09375
0 0.584375 0.24375 0.075 0.103125
0 0.73046875 0.3375 0.0484375 0.10625
0 0.78984375 0.3375 0.0890625 0.10625
0 0.703125 0.0375 0.084375 0.075
0 0.66953125 0.10703125 0.0546875 0.1140625
0 0.7125 0.1609375 0.071875 0.06875
0 0.7453125 0.08671875 0.075 0.0484375
0 0.7546875 0.13515625 0.0625 0.0671875
0 0.82890625 0.13828125 0.0671875 0.0671875
0 0.7703125 0.0375 0.05625 0.075
0 0.8109375 0.0421875 0.04375 0.084375
0 0.875 0.0328125 0.103125 0.065625
0 0.865625 0.0796875 0.096875 0.06875
0 0.92109375 0.071875 0.0484375 0.065625
0 0.88828125 0.1265625 0.0890625 0.059375
0 0.853125 0.18359375 0.065625 0.0765625
0 0.71484375 0.2203125 0.0703125 0.0625
0 0.77265625 0.24921875 0.0703125 0.0453125
0 0.7796875 0.17890625 0.103125 0.0828125
0 0.82421875 0.2375 0.0796875 0.071875
0 0.8375 0.28515625 0.103125 0.0671875
0 0.87109375 0.33828125 0.0921875 0.0796875
0 0.884375 0.02421875 0.1 0.0484375
0 0.95859375 0.03359375 0.0828125 0.0671875
0 0.95859375 0.0859375 0.0828125 0.0625
0 0.96640625 0.1421875 0.0671875 0.1
0 0.9375 0.16796875 0.071875 0.0484375
0 0.95625 0.2109375 0.0875 0.075
0 0.9640625 0.25234375 0.071875 0.0609375
0 0.96171875 0.31640625 0.0734375 0.0796875
0 0.015625 0.6546875 0.03125 0.1125
0 0.0875 0.87109375 0.0625 0.0578125
0 0.12890625 0.9140625 0.0578125 0.0625
0 0.20703125 0.92578125 0.0546875 0.0609375
0 0.18671875 0.95859375 0.1109375 0.0828125
0 0.2796875 0.9796875 0.09375 0.040625
0 0.17578125 0.665625 0.0703125 0.09375
0 0.23515625 0.61171875 0.0453125 0.0546875
0 0.2875 0.6046875 0.059375 0.0375
0 0.2546875 0.65390625 0.06875 0.0734375
0 0.43671875 0.52890625 0.0765625 0.0796875
0 0.603125 0.5140625 0.071875 0.084375
0 0.66171875 0.52421875 0.0671875 0.0953125
0 0.35234375 0.6 0.0859375 0.0625
0 0.30390625 0.6359375 0.0546875 0.05
0 0.296875 0.68359375 0.059375 0.0578125
0 0.35078125 0.6609375 0.0828125 0.08125
0 0.33671875 0.72265625 0.1140625 0.0796875
0 0.2875 0.80078125 0.10625 0.0953125
0 0.36015625 0.87734375 0.1078125 0.1203125
0 0.4234375 0.86796875 0.06875 0.1015625
0 0.45703125 0.9125 0.0765625 0.090625
0 0.47578125 0.96875 0.0890625 0.0625
0 0.4125 0.6359375 0.05625 0.1
0 0.45703125 0.6015625 0.0953125 0.0625
0 0.4578125 0.65234375 0.075 0.0890625
0 0.446875 0.696875 0.053125 0.04375
0 0.40234375 0.7234375 0.0703125 0.096875
0 0.41875 0.76640625 0.084375 0.0671875
0 0.4125 0.803125 0.08125 0.0625
0 0.46640625 0.74140625 0.0890625 0.0671875
0 0.48671875 0.81484375 0.0890625 0.0578125
0 0.521875 0.7875 0.065625 0.08125
0 0.52265625 0.9046875 0.0546875 0.053125
0 0.55234375 0.9234375 0.0453125 0.053125
0 0.5765625 0.9203125 0.065625 0.1
0 0.63671875 0.9484375 0.0796875 0.05625
0 0.6828125 0.97734375 0.05 0.0453125
0 0.5296875 0.6078125 0.075 0.096875
0 0.57421875 0.61875 0.0484375 0.0625
0 0.5328125 0.66953125 0.028125 0.0453125
0 0.5328125 0.709375 0.0625 0.065625
0 0.60078125 0.74140625 0.0703125 0.0890625
0 0.6015625 0.6765625 0.053125 0.05
0 0.615625 0.62109375 0.05625 0.0796875
0 0.6828125 0.590625 0.053125 0.0625
0 0.7296875 0.58203125 0.09375 0.0859375
0 0.7828125 0.5265625 0.08125 0.084375
0 0.85078125 0.52890625 0.1015625 0.0609375
0 0.7640625 0.65 0.06875 0.06875
0 0.815625 0.62109375 0.103125 0.0984375
0 0.859375 0.5921875 0.096875 0.10625
0 0.92421875 0.5734375 0.0453125 0.04375
0 0.89765625 0.6109375 0.0578125 0.05
0 0.93515625 0.634375 0.0796875 0.10625
0 0.796875 0.71875 0.071875 0.08125
0 0.97734375 0.6296875 0.0421875 0.121875
0 0.64765625 0.665625 0.0609375 0.071875
0 0.68671875 0.64140625 0.0796875 0.0671875
0 0.6984375 0.68046875 0.071875 0.0609375
0 0.6703125 0.71640625 0.059375 0.0640625
0 0.72109375 0.7171875 0.0734375 0.0625
0 0.6703125 0.7546875 0.0625 0.0875
0 0.57578125 0.81796875 0.0578125 0.0578125
0 0.62109375 0.8375 0.0890625 0.090625
0 0.70546875 0.81015625 0.0828125 0.0703125
0 0.709375 0.8484375 0.08125 0.071875
0 0.6828125 0.8890625 0.065625 0.053125
0 0.71640625 0.94375 0.0515625 0.04375
0 0.76328125 0.90859375 0.0953125 0.0828125
0 0.75390625 0.7796875 0.0609375 0.059375
0 0.78828125 0.7796875 0.0703125 0.0625
0 0.775 0.8421875 0.059375 0.0625
0 0.8578125 0.859375 0.06875 0.090625
0 0.83984375 0.78515625 0.0734375 0.0640625
0 0.8453125 0.7140625 0.05625 0.06875
0 0.89453125 0.71953125 0.0765625 0.0578125
0 0.97421875 0.75625 0.0515625 0.115625
0 0.9046875 0.79453125 0.0625 0.0671875
0 0.9203125 0.84453125 0.071875 0.0484375
0 0.97109375 0.77421875 0.0296875 0.0453125
0 0.984375 0.365625 0.03125 0.075