0 0.91953125 0.91875 0.1171875 0.10625
0 0.8703125 0.96640625 0.08203125 0.06640625
0 0.9765625 0.959375 0.046875 0.08125
0 0.79453125 0.96015625 0.05390625 0.06015625
0 0.6375 0.86953125 0.05390625 0.06484375
0 0.68671875 0.9796875 0.0484375 0.040625
0 0.575 0.92578125 0.06796875 0.06328125
0 0.571875 0.97734375 0.053125 0.0453125
0 0.5265625 0.98515625 0.06953125 0.0296875
0 0.53515625 0.959375 0.04140625 0.04609375
0 0.503125 0.928125 0.03828125 0.04609375
0 0.46484375 0.91328125 0.05390625 0.06953125
0 0.42421875 0.98046875 0.0484375 0.0390625
0 0.51640625 0.84453125 0.06796875 0.06796875
0 0.72265625 0.65859375 0.08984375 0.07265625
0 0.984375 0.48125 0.03125 0.04375
0 0.871875 0.159375 0.04453125 0.04921875
0 0.80703125 0.034375 0.05703125 0.06796875
0 0.765625 0.07109375 0.06015625 0.07265625
0 0.73984375 0.4328125 0.08046875 0.06484375
0 0.6875 0.39375 0.08046875 0.06640625
0 0.653125 0.365625 0.05703125 0.05703125
0 0.625 0.33984375 0.03828125 0.04140625
0 0.596875 0.32265625 0.04140625 0.04453125
0 0.5734375 0.30390625 0.04609375 0.04453125
0 0.54296875 0.2734375 0.04140625 0.04140625
0 0.51015625 0.25546875 0.04296875 0.04921875
0 0.48359375 0.2421875 0.05546875 0.05390625
0 0.45859375 0.2203125 0.04453125 0.05078125
0 0.4265625 0.19765625 0.04921875 0.05390625
0 0.4 0.175 0.03828125 0.04609375
0 0.3875 0.159375 0.06015625 0.05859375
0 0.44296875 0.09296875 0.04453125 0.03828125
0 0.33046875 0.0140625 0.06328125 0.028125
0 0.27890625 0.03515625 0.07734375 0.06640625
0 0.240625 0.07109375 0.08515625 0.07265625
0 0.184375 0.02734375 0.053125 0.0546875
0 0.2234375 0.02109375 0.06875 0.0421875
0 0.3296875 0.0890625 0.103125 0.08359375
0 0.3 0.10390625 0.07421875 0.08984375
0 0.040625 0.3421875 0.08046875 0.115625
0 0.09609375 0.3265625 0.05859375 0.05859375
0 0.14609375 0.378125 0.05859375 0.08515625
0 0.0921875 0.403125 0.07109375 0.07265625
0 0.09921875 0.4671875 0.1125 0.08046875
0 0.2 0.4 0.08671875 0.08515625
0 0.1984375 0.4640625 0.07734375 0.05546875
0 0.2640625 0.409375 0.06015625 0.05859375
0 0.26328125 0.46171875 0.07109375 0.06015625
0 0.32421875 0.44921875 0.08203125 0.08515625
0 0.61015625 0.61484375 0.08046875 0.08046875
0 0.5078125 0.5828125 0.1015625 0.1125
0 0.36640625 0.596875 0.08359375 0.08828125
0 0.4140625 0.571875 0.103125 0.109375
0 0.3359375 0.53515625 0.06796875 0.06015625
0 0.27890625 0.5640625 0.08671875 0.096875
0 0.20234375 0.56796875 0.06328125 0.07265625
0 0.15390625 0.58046875 0.05859375 0.06640625
0 0.05234375 0.584375 0.0953125 0.08671875
0 0.03359375 0.61796875 0.06640625 0.08359375
0 0.35859375 0.86875 0.08359375 0.08828125
0 0.2875 0.89765625 0.08046875 0.07734375
0 0.20546875 0.81328125 0.06953125 0.05703125
0 0.18671875 0.8484375 0.07265625 0.06328125
0 0.15 0.8921875 0.07265625 0.06328125
0 0.09609375 0.8734375 0.06796875 0.06015625
0 0.065625 0.903125 0.05546875 0.06953125
0 0.103125 0.93046875 0.06328125 0.05078125
0 0.0921875 0.97578125 0.096875 0.0484375
0 0.03671875 0.95078125 0.05078125 0.06640625
0 0.01875 0.89453125 0.0375 0.0546875
0 0.01328125 0.93984375 0.0265625 0.05078125
0 0.01875 0.9953125 0.0375 0.009375
0 0.0078125 0.97578125 0.015625 0.03671875
0 0.5734375 0.865625 0.07109375 0.06015625
0 0.440625 0.83515625 0.06484375 0.06015625
0 0.28671875 0.8421875 0.07265625 0.05234375