0 0.98828125 0.203125 0.02265625 0.0921875
0 0.86171875 0.0046875 0.0328125 0.009375
0 0.8359375 0.028125 0.0328125 0.0328125
0 0.84375 0.06171875 0.028125 0.028125
0 0.81171875 0.06875 0.0328125 0.0328125
0 0.89453125 0.04921875 0.0703125 0.05234375
0 0.8921875 0.08984375 0.0359375 0.0328125
0 0.89609375 0.12578125 0.05078125 0.04453125
0 0.77890625 0.0375 0.059375 0.0359375
0 0.746875 0.009375 0.04453125 0.01796875
0 0.6484375 0.00625 0.05625 0.0125
0 0.98984375 0.59609375 0.01953125 0.05078125
0 0.9296875 0.465625 0.08828125 0.1078125
0 0.88515625 0.50234375 0.07578125 0.09375
0 0.83203125 0.52734375 0.04765625 0.05078125
0 0.80703125 0.45703125 0.08046875 0.0921875
0 0.87734375 0.42265625 0.04296875 0.05546875
0 0.85 0.3921875 0.04765625 0.04296875
0 0.76796875 0.3828125 0.05390625 0.05078125
0 0.709375 0.35234375 0.040625 0.0359375
0 0.66953125 0.3765625 0.04765625 0.04765625
0 0.7 0.2671875 0.0390625 0.04609375
0 0.70625 0.31171875 0.0390625 0.0390625
0 0.6578125 0.33984375 0.0609375 0.05390625
0 0.6296875 0.3140625 0.04296875 0.04453125
0 0.5890625 0.29375 0.05078125 0.07890625
0 0.628125 0.21171875 0.0328125 0.0359375
0 0.65625 0.2296875 0.028125 0.0359375
0 0.62890625 0.25 0.0703125 0.04765625
0 0.56796875 0.23515625 0.0703125 0.05078125
0 0.52890625 0.1578125 0.034375 0.034375
0 0.50703125 0.20234375 0.05078125 0.04453125
0 0.5078125 0.25390625 0.04296875 0.06875
0 0.54609375 0.28359375 0.04296875 0.059375
0 0.57578125 0.18125 0.04296875 0.034375
0 0.48203125 0.171875 0.065625 0.1046875
0 0.45703125 0.24453125 0.05546875 0.04609375
0 0.41171875 0.09609375 0.06875 0.05078125
0 0.41875 0.15234375 0.0671875 0.071875
0 0.38203125 0.1953125 0.04609375 0.059375
0 0.34296875 0.1625 0.04296875 0.04296875
0 0.36875 0.12734375 0.0390625 0.05390625
0 0.34453125 0.096875 0.05546875 0.07578125
0 0.321875 0.04375 0.0609375 0.05078125
0 0.28203125 0.08046875 0.05546875 0.05546875
0 0.28046875 0.128125 0.059375 0.05234375
0 0.2265625 0.1484375 0.0328125 0.028125
0 0.24375 0.03984375 0.04765625 0.05078125
0 0.20703125 0.01328125 0.040625 0.0265625
0 0.18828125 0.0359375 0.0390625 0.05546875
0 0.21484375 0.09296875 0.071875 0.08359375
0 0.15 0.078125 0.05703125 0.04765625
0 0.12421875 0.034375 0.0984375 0.06875
0 0.9921875 0.71640625 0.015625 0.0890625
0 0.85234375 0.865625 0.0296875 0.0265625
0 0.95390625 0.9765625 0.0921875 0.046875
0 0.884375 0.9609375 0.0609375 0.05234375
0 0.84609375 0.92890625 0.04296875 0.04453125
0 0.80546875 0.90703125 0.05390625 0.04765625
0 0.7484375 0.8578125 0.08984375 0.103125
0 0.75234375 0.77890625 0.0328125 0.0328125
0 0.67890625 0.82578125 0.07890625 0.08984375
0 0.6640625 0.759375 0.02265625 0.02265625
0 0.6234375 0.71328125 0.028125 0.0359375
0 0.56484375 0.74609375 0.09375 0.0984375
0 0.59453125 0.84453125 0.04765625 0.065625
0 0.6515625 0.9 0.08046875 0.05546875
0 0.665625 0.959375 0.1125 0.08125
0 0.61796875 0.9265625 0.04296875 0.0296875
0 0.54609375 0.9140625 0.1015625 0.0703125
0 0.5921875 0.96875 0.0921875 0.0625
0 0.53515625 0.9890625 0.11953125 0.02109375
0 0.57265625 0.65546875 0.028125 0.0296875
0 0.50078125 0.6453125 0.03125 0.0375
0 0.5 0.7171875 0.0984375 0.11328125
0 0.41171875 0.66796875 0.04609375 0.040625
0 0.36640625 0.63984375 0.0703125 0.0703125
0 0.3578125 0.5796875 0.05703125 0.0609375
0 0.4140625 0.58828125 0.02421875 0.0390625
0 0.41640625 0.52265625 0.059375 0.07890625
0 0.471875 0.5515625 0.05234375 0.0734375
0 0.32421875 0.51953125 0.0625 0.07578125
0 0.29765625 0.546875 0.0609375 0.04765625
0 0.3140625 0.58359375 0.034375 0.0328125
0 0.25078125 0.5734375 0.0625 0.059375
0 0.26953125 0.4859375 0.04765625 0.0609375
0 0.2578125 0.4390625 0.0609375 0.05546875
0 0.22421875 0.4265625 0.0359375 0.0390625
0 0.1875 0.42890625 0.05078125 0.05703125
0 0.15 0.42578125 0.05078125 0.04765625
0 0.0734375 0.39765625 0.065625 0.09375
0 0.03828125 0.3671875 0.0765625 0.090625
0 0.0109375 0.33046875 0.02109375 0.0609375
0 0.009375 0.5515625 0.01796875 0.034375
0 0.29765625 0.671875 0.0703125 0.07890625
0 0.2609375 0.7140625 0.05546875 0.05078125
0 0.2171875 0.7046875 0.0609375 0.05546875
0 0.21328125 0.75625 0.0390625 0.0609375
0 0.16953125 0.73125 0.08046875 0.12109375
0 0.11875 0.7546875 0.03125 0.05078125
0 0.06328125 0.76640625 0.0640625 0.05078125
0 0.11484375 0.81328125 0.07578125 0.07890625
0 0.03828125 0.83359375 0.0765625 0.0859375
0 0.20703125 0.82421875 0.0609375 0.065625
0 0.2234375 0.8875 0.05078125 0.04453125
0 0.19453125 0.9140625 0.034375 0.028125
0 0.1453125 0.88203125 0.04453125 0.065625
0 0.10234375 0.89765625 0.04765625 0.0640625
0 0.05234375 0.909375 0.05546875 0.0609375
0 0.03046875 0.9390625 0.0609375 0.0921875
0 0.025 0.98671875 0.05 0.0234375
0 0.1203125 0.93359375 0.0703125 0.04765625
0 0.13515625 0.9796875 0.0671875 0.040625
0 0.2 0.97734375 0.05625 0.0453125