0 0.02734375 0.2140625 0.0546875 0.09296875
0 0.17265625 0.009375 0.03359375 0.01796875
0 0.19765625 0.03671875 0.03359375 0.03359375
0 0.18984375 0.0703125 0.028125 0.028125
0 0.22265625 0.078125 0.03359375 0.03359375
0 0.1390625 0.0578125 0.07109375 0.053125
0 0.14140625 0.1 0.03671875 0.03359375
0 0.13671875 0.13515625 0.0515625 0.04453125
0 0.25546875 0.046875 0.06015625 0.03671875
0 0.203125 0.00859375 0.028125 0.01640625
0 0.28828125 0.01328125 0.04453125 0.0265625
0 0.34375 0.003125 0.03125 0.00625
0 0.3890625 0.0109375 0.05625 0.021875
0 0.43359375 0.00859375 0.03984375 0.01640625
0 0.02734375 0.6125 0.0484375 0.0515625
0 0.103125 0.4796875 0.08984375 0.109375
0 0.14765625 0.5171875 0.0765625 0.09453125
0 0.2015625 0.5421875 0.0484375 0.0515625
0 0.2265625 0.471875 0.08125 0.09296875
0 0.15625 0.43671875 0.04296875 0.05625
0 0.18359375 0.40546875 0.0484375 0.04296875
0 0.26640625 0.39609375 0.0546875 0.0515625
0 0.3265625 0.365625 0.04140625 0.03671875
0 0.36640625 0.38984375 0.0484375 0.0484375
0 0.3359375 0.27890625 0.03984375 0.046875
0 0.32890625 0.32421875 0.03984375 0.03984375
0 0.378125 0.353125 0.06171875 0.0546875
0 0.40703125 0.3265625 0.04296875 0.04453125
0 0.44765625 0.30546875 0.0515625 0.0796875
0 0.40859375 0.22265625 0.03359375 0.03671875
0 0.3796875 0.240625 0.028125 0.03671875
0 0.4078125 0.26171875 0.07109375 0.0484375
0 0.46953125 0.246875 0.07109375 0.0515625
0 0.509375 0.16875 0.03515625 0.03515625
0 0.53046875 0.21328125 0.0515625 0.04453125
0 0.5296875 0.265625 0.04296875 0.06953125
0 0.49140625 0.2953125 0.04296875 0.06015625
0 0.46171875 0.1921875 0.04296875 0.03515625
0 0.55625 0.1828125 0.06640625 0.10625
0 0.58125 0.25546875 0.05625 0.046875
0 0.628125 0.10546875 0.06953125 0.0515625
0 0.6203125 0.1625 0.06796875 0.0734375
0 0.6578125 0.20625 0.046875 0.06015625
0 0.69765625 0.17265625 0.04296875 0.04296875
0 0.67109375 0.13671875 0.03984375 0.0546875
0 0.69609375 0.10625 0.05625 0.0765625
0 0.71875 0.05234375 0.06171875 0.0515625
0 0.759375 0.08984375 0.05625 0.05625
0 0.7609375 0.1375 0.06015625 0.053125
0 0.815625 0.15859375 0.03359375 0.028125
0 0.7984375 0.04921875 0.0484375 0.0515625
0 0.83359375 0.0171875 0.0421875 0.034375
0 0.85390625 0.04453125 0.03984375 0.05625
0 0.82734375 0.10234375 0.0734375 0.084375
0 0.89296875 0.0875 0.0578125 0.0484375
0 0.91875 0.0390625 0.1 0.078125
0 0.02421875 0.73515625 0.0484375 0.09140625
0 0.18125 0.88515625 0.0296875 0.0265625
0 0.0625 0.9875 0.12421875 0.025
0 0.1484375 0.97734375 0.06171875 0.04453125
0 0.1875 0.94921875 0.04296875 0.04453125
0 0.228125 0.928125 0.0546875 0.0484375
0 0.28671875 0.878125 0.09140625 0.1046875
0 0.28203125 0.79765625 0.03359375 0.03359375
0 0.35703125 0.84453125 0.0796875 0.09140625
0 0.371875 0.77734375 0.0234375 0.0234375
0 0.4125 0.73125 0.028125 0.03671875
0 0.47265625 0.7640625 0.09453125 0.1
0 0.44296875 0.8640625 0.0484375 0.06640625
0 0.384375 0.9203125 0.08125 0.05625
0 0.3703125 0.96953125 0.115625 0.0609375
0 0.41875 0.946875 0.04296875 0.0296875
0 0.49140625 0.934375 0.103125 0.07109375
0 0.4453125 0.97890625 0.09296875 0.04140625
0 0.4640625 0.67265625 0.028125 0.0296875
0 0.5375 0.66171875 0.03125 0.03828125
0 0.53828125 0.73515625 0.1 0.11484375
0 0.628125 0.68515625 0.046875 0.04140625
0 0.6734375 0.65703125 0.07109375 0.07109375
0 0.68203125 0.5953125 0.0578125 0.06171875
0 0.62578125 0.6046875 0.025 0.03984375
0 0.62265625 0.53828125 0.06015625 0.0796875
0 0.56640625 0.5671875 0.053125 0.075
0 0.715625 0.53515625 0.06328125 0.0765625
0 0.74296875 0.5625 0.06171875 0.0484375
0 0.7265625 0.6 0.03515625 0.03359375
0 0.790625 0.58984375 0.06328125 0.06015625
0 0.771875 0.50078125 0.0484375 0.06171875
0 0.78359375 0.453125 0.06171875 0.05625
0 0.8171875 0.43984375 0.03671875 0.03984375
0 0.8546875 0.44296875 0.0515625 0.0578125
0 0.89296875 0.4390625 0.0515625 0.0484375
0 0.96796875 0.41015625 0.0640625 0.0953125
0 0.984375 0.38125 0.03125 0.09140625
0 0.74296875 0.6890625 0.07109375 0.0796875
0 0.78046875 0.73203125 0.05625 0.0515625
0 0.825 0.72265625 0.06171875 0.05625
0 0.82890625 0.775 0.03984375 0.06171875
0 0.87265625 0.74921875 0.08125 0.12265625
0 0.92421875 0.7734375 0.03125 0.0515625
0 0.97421875 0.78515625 0.0515625 0.0515625
0 0.92890625 0.83203125 0.0765625 0.0796875
0 0.984375 0.85390625 0.03125 0.08671875
0 0.834375 0.84375 0.06171875 0.06640625
0 0.81796875 0.9078125 0.0515625 0.04453125
0 0.84765625 0.934375 0.03515625 0.028125
0 0.89765625 0.90234375 0.04453125 0.06640625
0 0.94140625 0.91796875 0.0484375 0.06484375
0 0.98125 0.92890625 0.0375 0.0609375
0 0.990625 0.95625 0.015625 0.0875
0 0.92265625 0.9546875 0.07109375 0.0484375
0 0.9078125 0.98984375 0.06796875 0.0203125
0 0.84296875 0.98828125 0.0578125 0.0234375