0 0.971875 0.740625 0.05625 0.05390625
0 0.99140625 0.7 0.0171875 0.05390625
0 0.99140625 0.64375 0.0171875 0.0609375
0 0.94609375 0.621875 0.0578125 0.05390625
0 0.928125 0.71171875 0.0359375 0.04765625
0 0.9640625 0.6828125 0.04375 0.05390625
0 0.94609375 0.55859375 0.078125 0.07265625
0 0.98984375 0.50703125 0.0203125 0.05390625
0 0.96875 0.4640625 0.0421875 0.04375
0 0.8734375 0.290625 0.04921875 0.05234375
0 0.84140625 0.3703125 0.059375 0.0625
0 0.8921875 0.403125 0.05234375 0.0578125
0 0.92265625 0.43828125 0.05625 0.05234375
0 0.8921875 0.51953125 0.0421875 0.04921875
0 0.94296875 0.49609375 0.05625 0.04609375
0 0.8703125 0.45390625 0.0421875 0.03359375
0 0.8421875 0.43046875 0.04375 0.04765625
0 0.85 0.471875 0.03203125 0.0390625
0 0.81640625 0.471875 0.04609375 0.059375
0 0.78671875 0.4125 0.0578125 0.05234375
0 0.75703125 0.46015625 0.04921875 0.04609375
0 0.85078125 0.5671875 0.05390625 0.04609375
0 0.8125 0.5390625 0.05234375 0.06796875
0 0.77109375 0.54140625 0.040625 0.05234375
0 0.790625 0.63984375 0.0421875 0.04609375
0 0.87421875 0.6703125 0.04375 0.04921875
0 0.84765625 0.6171875 0.0578125 0.04375
0 0.896875 0.58359375 0.0578125 0.06640625
0 0.9859375 0.58671875 0.028125 0.0421875
0 0.821875 0.71328125 0.0609375 0.0578125
0 0.87734375 0.7359375 0.05625 0.0578125
0 0.840625 0.771875 0.0578125 0.05625
0 0.83125 0.80703125 0.06640625 0.0640625
0 0.78046875 0.85234375 0.05234375 0.05390625
0 0.83125 0.86171875 0.05625 0.04921875
0 0.74296875 0.746875 0.0625 0.07265625
0 0.746875 0.6625 0.06953125 0.06796875
0 0.69765625 0.7328125 0.0390625 0.059375
0 0.69609375 0.8140625 0.04609375 0.04921875
0 0.796875 0.90390625 0.04765625 0.04921875
0 0.84453125 0.9390625 0.0390625 0.04375
0 0.83671875 0.98671875 0.0359375 0.0265625
0 0.74453125 0.92421875 0.05234375 0.05234375
0 0.665625 0.9640625 0.05234375 0.04375
0 0.7171875 0.959375 0.04765625 0.040625
0 0.61640625 0.97890625 0.05234375 0.0421875
0 0.62578125 0.90234375 0.040625 0.0359375
0 0.6890625 0.86640625 0.04609375 0.04375
0 0.73828125 0.81171875 0.04921875 0.04765625
0 0.64921875 0.7875 0.04375 0.0390625
0 0.62734375 0.84765625 0.04375 0.0578125
0 0.584375 0.8796875 0.040625 0.040625
0 0.571875 0.92265625 0.0421875 0.0390625
0 0.60078125 0.934375 0.05234375 0.0359375
0 0.5625 0.96640625 0.04765625 0.040625
0 0.51875 0.98046875 0.06796875 0.0390625
0 0.51640625 0.92734375 0.059375 0.0609375
0 0.465625 0.95390625 0.06640625 0.0609375
0 0.4203125 0.9703125 0.0609375 0.059375
0 0.31953125 0.98671875 0.0484375 0.0265625
0 0.31640625 0.93125 0.059375 0.05234375
0 0.35625 0.90390625 0.07421875 0.05234375
0 0.37890625 0.86171875 0.05234375 0.04609375
0 0.4234375 0.89609375 0.0609375 0.04609375
0 0.42890625 0.840625 0.0578125 0.0640625
0 0.50859375 0.8578125 0.08828125 0.08125
0 0.58203125 0.80078125 0.04921875 0.05234375
0 0.53828125 0.7640625 0.05625 0.0578125
0 0.60625 0.74765625 0.0625 0.0578125
0 0.65390625 0.7140625 0.0578125 0.05625
0 0.69921875 0.61640625 0.05234375 0.05234375
0 0.6578125 0.63671875 0.078125 0.0796875
0 0.60390625 0.65859375 0.07265625 0.06953125
0 0.5765625 0.7 0.0578125 0.05390625
0 0.5328125 0.703125 0.05234375 0.0578125
0 0.54453125 0.6265625 0.0625 0.0625
0 0.49765625 0.65546875 0.04921875 0.0625
0 0.44296875 0.68203125 0.06953125 0.06640625
0 0.49453125 0.73828125 0.040625 0.06640625
0 0.44609375 0.77578125 0.08125 0.06640625
0 0.38125 0.80390625 0.04765625 0.0625
0 0.32265625 0.79921875 0.05625 0.05234375
0 0.36953125 0.74453125 0.07109375 0.05234375
0 0.334375 0.7125 0.04921875 0.0625
0 0.2890625 0.70234375 0.05625 0.04609375
0 0.2640625 0.678125 0.0375 0.0609375
0 0.2234375 0.66796875 0.05390625 0.06796875
0 0.203125 0.7328125 0.040625 0.04921875
0 0.25703125 0.78359375 0.04609375 0.04921875
0 0.26328125 0.834375 0.05234375 0.05234375
0 0.32578125 0.853125 0.0609375 0.04921875
0 0.26171875 0.88359375 0.0421875 0.0359375
0 0.2140625 0.859375 0.05234375 0.05390625
0 0.23359375 0.92578125 0.08125 0.0640625
0 0.2046875 0.97734375 0.090625 0.0453125
0 0.1625 0.9296875 0.04765625 0.0390625
0 0.1390625 0.97578125 0.05625 0.0484375
0 0.090625 0.95078125 0.0390625 0.0578125
0 0.04140625 0.94140625 0.02890625 0.04609375
0 0.14453125 0.8859375 0.05234375 0.04921875
0 0.084375 0.89296875 0.04765625 0.04375
0 0.03984375 0.86171875 0.02578125 0.0828125
0 0.1140625 0.83984375 0.04921875 0.05234375
0 0.1578125 0.83984375 0.05390625 0.04609375
0 0.17109375 0.7921875 0.0578125 0.0625
0 0.08984375 0.7921875 0.0578125 0.04921875
0 0.12265625 0.76015625 0.0390625 0.0359375
0 0.0984375 0.73984375 0.040625 0.05234375
0 0.02578125 0.7921875 0.040625 0.05234375
0 0.00625 0.7578125 0.01171875 0.04375
0 0.0203125 0.86640625 0.040625 0.04375
0 0.01171875 0.97734375 0.0234375 0.0453125
0 0.0515625 0.71796875 0.0390625 0.0390625
0 0.07890625 0.684375 0.04609375 0.04765625
0 0.1265625 0.7140625 0.0421875 0.04609375
0 0.15625 0.65546875 0.05390625 0.0625
0 0.18203125 0.57890625 0.04921875 0.04921875
0 0.28671875 0.62421875 0.06796875 0.059375
0 0.3875 0.63984375 0.0625 0.06953125
0 0.35546875 0.6078125 0.05234375 0.05234375
0 0.29921875 0.56875 0.06953125 0.059375
0 0.33203125 0.53203125 0.04375 0.05390625
0 0.36640625 0.54921875 0.04375 0.05390625
0 0.41015625 0.58203125 0.0578125 0.0390625
0 0.47734375 0.56171875 0.04921875 0.07265625
0 0.42734375 0.515625 0.05390625 0.040625
0 0.378125 0.5 0.0578125 0.04375
0 0.3203125 0.48828125 0.04375 0.03359375
0 0.55625 0.5328125 0.0578125 0.04921875
0 0.5890625 0.59296875 0.04609375 0.04765625
0 0.6375 0.52265625 0.0609375 0.06953125
0 0.70078125 0.5671875 0.04609375 0.04609375
0 0.77265625 0.59765625 0.04375 0.0390625
0 0.7171875 0.521875 0.05390625 0.04375
0 0.73203125 0.48671875 0.04375 0.04375
0 0.68046875 0.4890625 0.0390625 0.04921875
0 0.74921875 0.3859375 0.04765625 0.04921875
0 0.721875 0.41953125 0.04765625 0.04609375
0 0.86796875 0.24921875 0.0578125 0.07109375
0 0.93359375 0.26640625 0.0578125 0.0578125
0 0.95625 0.2171875 0.078125 0.078125
0 0.9796875 0.17109375 0.040625 0.0640625
0 0.9890625 0.11953125 0.021875 0.06953125
0 0.9515625 0.0109375 0.07265625 0.021875
0 0.9171875 0.03671875 0.1015625 0.06953125
0 0.83828125 0.00859375 0.06953125 0.0171875
0 0.84375 0.04140625 0.05390625 0.04921875
0 0.7703125 0.05546875 0.09296875 0.096875
0 0.915625 0.109375 0.05390625 0.04609375
0 0.84609375 0.1 0.07109375 0.05390625
0 0.90859375 0.16953125 0.06796875 0.06796875
0 0.81875 0.1828125 0.04375 0.04375
0 0.85546875 0.140625 0.06953125 0.04765625
0 0.76875 0.134375 0.10703125 0.08671875
0 0.6828125 0.1328125 0.09140625 0.08671875
0 0.62578125 0.1328125 0.04765625 0.0625
0 0.53671875 0.16875 0.04921875 0.05234375
0 0.49140625 0.18203125 0.04375 0.05234375
0 0.44375 0.19140625 0.0578125 0.08828125
0 0.36328125 0.221875 0.0796875 0.10546875
0 0.49296875 0.25390625 0.06796875 0.08125
0 0.5765625 0.1890625 0.04765625 0.059375
0 0.55234375 0.22578125 0.0578125 0.0578125
0 0.69921875 0.22421875 0.0828125 0.0625
0 0.653125 0.2609375 0.05234375 0.0640625
0 0.60703125 0.246875 0.05390625 0.06640625
0 0.75078125 0.27109375 0.0578125 0.0609375
0 0.71953125 0.3171875 0.03203125 0.040625
0 0.703125 0.28203125 0.04765625 0.05234375
0 0.67421875 0.31796875 0.06796875 0.06640625
0 0.6421875 0.346875 0.0609375 0.0625
0 0.809375 0.29453125 0.07265625 0.0640625
0 0.76796875 0.33203125 0.04375 0.040625
0 0.80546875 0.340625 0.040625 0.04375
0 0.57265625 0.334375 0.07109375 0.0765625
0 0.465625 0.321875 0.06640625 0.05390625
0 0.39765625 0.3328125 0.0390625 0.04921875
0 0.35234375 0.309375 0.07109375 0.0625
0 0.271875 0.28984375 0.0625 0.0578125
0 0.203125 0.27578125 0.0578125 0.04921875
0 0.2265625 0.321875 0.05625 0.0578125
0 0.27734375 0.34296875 0.0796875 0.059375
0 0.28828125 0.3875 0.0609375 0.04921875
0 0.35 0.3796875 0.059375 0.07109375
0 0.446875 0.37421875 0.0796875 0.0609375
0 0.4015625 0.42578125 0.0578125 0.08125
0 0.55546875 0.38671875 0.059375 0.0578125
0 0.64453125 0.40859375 0.0765625 0.0609375
0 0.61640625 0.434375 0.059375 0.0625
0 0.54765625 0.43984375 0.07109375 0.05234375
0 0.5859375 0.49296875 0.05234375 0.04375
0 0.46796875 0.453125 0.078125 0.0765625
0 0.315625 0.44609375 0.07109375 0.0609375
0 0.25703125 0.45 0.0625 0.06640625
0 0.2109375 0.39140625 0.07265625 0.0640625
0 0.16953125 0.4234375 0.07109375 0.0640625
0 0.10703125 0.3921875 0.0578125 0.05234375
0 0.09765625 0.32890625 0.05234375 0.04765625
0 0.121875 0.35859375 0.06796875 0.05625
0 0.15078125 0.30546875 0.0640625 0.0640625
0 0.02734375 0.3796875 0.05390625 0.07421875
0 0.171875 0.48359375 0.0390625 0.05234375
0 0.2265625 0.51796875 0.06953125 0.059375
0 0.2015625 0.49296875 0.05390625 0.0609375
0 0.16796875 0.5421875 0.04765625 0.04375
0 0.21015625 0.56640625 0.0578125 0.040625
0 0.1125 0.540625 0.06640625 0.0578125
0 0.0078125 0.19765625 0.015625 0.04921875
0 0.028125 0.17265625 0.05625 0.04375
0 0.059375 0.13984375 0.06796875 0.05625
0 0.0234375 0.12109375 0.046875 0.0671875
0 0.06328125 0.0890625 0.0796875 0.059375
0 0.1609375 0.09921875 0.0984375 0.06640625
0 0.19765625 0.04609375 0.08984375 0.06796875
0 0.25 0.0140625 0.06875 0.028125
0 0.18984375 0.01171875 0.0609375 0.0234375
0 0.14140625 0.01171875 0.05234375 0.0234375
0 0.1296875 0.0578125 0.05234375 0.05390625
0 0.08125 0.0390625 0.07109375 0.05390625
0 0.034375 0.0109375 0.0625 0.021875
0 0.0921875 0.0046875 0.04375 0.009375
0 0.23984375 0.74140625 0.05234375 0.0359375
0 0.35625 0.96796875 0.07109375 0.0609375
0 0.05 0.9828125 0.05234375 0.03359375
0 0.08984375 0.6484375 0.0609375 0.059375
0 0.1609375 0.71640625 0.05390625 0.05234375
0 0.209375 0.60625 0.06640625 0.05625
0 0.27734375 0.515625 0.05625 0.04765625
0 0.4078125 0.26953125 0.059375 0.040625
0 0.4609375 0.278125 0.040625 0.03359375
0 0.50390625 0.33125 0.04921875 0.05625
0 0.5015625 0.38828125 0.04375 0.05390625
0 0.1703125 0.35 0.059375 0.05234375