0 0.0453125 0.28203125 0.06796875 0.05078125
0 0.02109375 0.31875 0.0421875 0.05
0 0.02109375 0.37109375 0.0421875 0.0578125
0 0.07734375 0.3921875 0.05390625 0.05078125
0 0.09453125 0.30859375 0.03359375 0.04453125
0 0.06015625 0.33515625 0.04140625 0.05078125
0 0.07734375 0.4515625 0.07265625 0.06796875
0 0.02265625 0.49921875 0.0453125 0.0515625
0 0.05625 0.53984375 0.03984375 0.04140625
0 0.01015625 0.5625 0.0203125 0.04921875
0 0.14453125 0.7015625 0.04609375 0.04921875
0 0.175 0.62734375 0.05546875 0.05859375
0 0.12734375 0.596875 0.04921875 0.05390625
0 0.09921875 0.5640625 0.05234375 0.04921875
0 0.12734375 0.48828125 0.03984375 0.04609375
0 0.0796875 0.51015625 0.05234375 0.04296875
0 0.14765625 0.54921875 0.03984375 0.03203125
0 0.17421875 0.57109375 0.04140625 0.04453125
0 0.1671875 0.5328125 0.0296875 0.03671875
0 0.1984375 0.5328125 0.04296875 0.05546875
0 0.2265625 0.5875 0.05390625 0.04921875
0 0.25390625 0.54375 0.04609375 0.04296875
0 0.16640625 0.44375 0.05078125 0.04296875
0 0.2015625 0.4703125 0.04921875 0.06328125
0 0.240625 0.4671875 0.03828125 0.04921875
0 0.22265625 0.37578125 0.03984375 0.04296875
0 0.14375 0.34765625 0.04140625 0.04609375
0 0.16953125 0.396875 0.05390625 0.04140625
0 0.1234375 0.428125 0.05390625 0.06171875
0 0.0265625 0.42578125 0.053125 0.0390625
0 0.19296875 0.30703125 0.05703125 0.05390625
0 0.14140625 0.28671875 0.05234375 0.05390625
0 0.17578125 0.25234375 0.05390625 0.05234375
0 0.184375 0.2203125 0.06171875 0.06015625
0 0.23203125 0.17734375 0.04921875 0.05078125
0 0.184375 0.16875 0.05234375 0.04609375
0 0.26640625 0.27578125 0.05859375 0.06796875
0 0.26328125 0.3546875 0.06484375 0.06328125
0 0.309375 0.2890625 0.03671875 0.05546875
0 0.3109375 0.2125 0.04296875 0.04609375
0 0.21640625 0.12890625 0.04453125 0.04609375
0 0.171875 0.096875 0.03671875 0.04140625
0 0.1796875 0.04921875 0.03359375 0.03203125
0 0.20546875 0.015625 0.0328125 0.03125
0 0.1609375 0.0265625 0.0265625 0.04140625
0 0.26484375 0.11015625 0.04921875 0.04921875
0 0.32109375 0.015625 0.0453125 0.03125
0 0.3390625 0.07265625 0.04921875 0.04140625
0 0.29140625 0.07734375 0.04453125 0.03828125
0 0.38515625 0.0546875 0.04921875 0.04921875
0 0.4109375 0.02578125 0.04296875 0.03671875
0 0.37265625 0.0171875 0.04921875 0.03203125
0 0.3765625 0.13046875 0.03828125 0.03359375
0 0.3171875 0.16484375 0.04296875 0.04140625
0 0.27109375 0.21484375 0.04609375 0.04453125
0 0.3546875 0.23828125 0.04140625 0.03671875
0 0.375 0.18203125 0.04140625 0.05390625
0 0.41484375 0.1515625 0.03828125 0.03828125
0 0.4265625 0.11171875 0.03984375 0.03671875
0 0.39921875 0.10078125 0.04921875 0.03359375
0 0.43515625 0.07109375 0.04453125 0.03828125
0 0.4765625 0.046875 0.06328125 0.05859375
0 0.47890625 0.1078125 0.05546875 0.05703125
0 0.52578125 0.08203125 0.06171875 0.05703125
0 0.56796875 0.06640625 0.05703125 0.05703125
0 0.55703125 0.01875 0.0953125 0.0375
0 0.66328125 0.04453125 0.04453125 0.04140625
0 0.665625 0.10390625 0.05546875 0.04921875
0 0.628125 0.12890625 0.06953125 0.04921875
0 0.60703125 0.16875 0.04921875 0.04296875
0 0.56484375 0.13671875 0.05703125 0.04296875
0 0.56015625 0.18828125 0.05390625 0.06015625
0 0.4859375 0.17265625 0.08203125 0.07578125
0 0.4171875 0.22578125 0.04609375 0.04921875
0 0.4578125 0.259375 0.05234375 0.05390625
0 0.39453125 0.275 0.05859375 0.05390625
0 0.35 0.30625 0.05390625 0.05234375
0 0.3078125 0.39765625 0.04921875 0.04921875
0 0.346875 0.37890625 0.07265625 0.07421875
0 0.39609375 0.35859375 0.06796875 0.06484375
0 0.42265625 0.31953125 0.05390625 0.05078125
0 0.4625 0.31640625 0.04921875 0.05390625
0 0.4515625 0.38828125 0.05859375 0.05859375
0 0.49609375 0.36171875 0.04609375 0.05859375
0 0.546875 0.3359375 0.06484375 0.06171875
0 0.4984375 0.284375 0.03828125 0.06171875
0 0.54453125 0.24921875 0.07578125 0.06171875
0 0.6046875 0.22265625 0.04453125 0.05859375
0 0.659375 0.22734375 0.05234375 0.04921875
0 0.615625 0.27734375 0.06640625 0.04921875
0 0.64765625 0.3078125 0.04609375 0.05859375
0 0.690625 0.3171875 0.05234375 0.04296875
0 0.71328125 0.33984375 0.03515625 0.05703125
0 0.7515625 0.35 0.05078125 0.06328125
0 0.7703125 0.2890625 0.03828125 0.04609375
0 0.72109375 0.24140625 0.04296875 0.04609375
0 0.7140625 0.19375 0.04921875 0.04921875
0 0.65703125 0.1765625 0.05703125 0.04609375
0 0.715625 0.14765625 0.03984375 0.03359375
0 0.76015625 0.17109375 0.04921875 0.05078125
0 0.7421875 0.109375 0.07578125 0.06015625
0 0.76953125 0.05546875 0.08359375 0.05390625
0 0.80859375 0.10546875 0.04453125 0.03671875
0 0.83125 0.05625 0.05234375 0.05859375
0 0.87578125 0.08515625 0.03671875 0.05390625
0 0.921875 0.09453125 0.0265625 0.04296875
0 0.825 0.14609375 0.04921875 0.04609375
0 0.88125 0.1390625 0.04453125 0.04140625
0 0.9234375 0.16875 0.0234375 0.07734375
0 0.85390625 0.1890625 0.04609375 0.04921875
0 0.81328125 0.1890625 0.05078125 0.04296875
0 0.80078125 0.23359375 0.05390625 0.05859375
0 0.8765625 0.23359375 0.05390625 0.04609375
0 0.84609375 0.26328125 0.03671875 0.03359375
0 0.86875 0.2828125 0.03828125 0.04921875
0 0.93671875 0.23359375 0.03828125 0.04921875
0 0.96796875 0.265625 0.03828125 0.04140625
0 0.94765625 0.16484375 0.05078125 0.04140625
0 0.9875 0.19609375 0.025 0.07578125
0 0.98203125 0.12109375 0.0359375 0.0640625
0 0.95078125 0.0140625 0.06640625 0.028125
0 0.87109375 0.01015625 0.05546875 0.0203125
0 0.96875 0.05625 0.0625 0.05
0 0.9125 0.303125 0.03671875 0.03671875
0 0.88671875 0.33359375 0.04296875 0.04453125
0 0.8421875 0.30625 0.03984375 0.04296875
0 0.81484375 0.36171875 0.05078125 0.05859375
0 0.790625 0.4328125 0.04609375 0.04609375
0 0.69296875 0.38984375 0.06328125 0.05546875
0 0.59921875 0.37578125 0.05859375 0.06484375
0 0.62890625 0.40546875 0.04921875 0.04921875
0 0.68125 0.4421875 0.06484375 0.05546875
0 0.65 0.4765625 0.04140625 0.05078125
0 0.61875 0.46015625 0.04140625 0.05078125
0 0.57734375 0.4296875 0.05390625 0.03671875
0 0.51484375 0.4484375 0.04609375 0.06796875
0 0.56171875 0.4921875 0.05078125 0.03828125
0 0.6078125 0.50625 0.05390625 0.04140625
0 0.66171875 0.5171875 0.04140625 0.03203125
0 0.44140625 0.47578125 0.05390625 0.04609375
0 0.4109375 0.41953125 0.04296875 0.04453125
0 0.365625 0.48515625 0.05703125 0.06484375
0 0.30625 0.44375 0.04296875 0.04296875
0 0.2390625 0.415625 0.04140625 0.03671875
0 0.29140625 0.4859375 0.05078125 0.04140625
0 0.2765625 0.51875 0.04140625 0.04140625
0 0.325 0.51640625 0.03671875 0.04609375
0 0.2609375 0.61328125 0.04453125 0.04609375
0 0.28671875 0.58125 0.04453125 0.04296875
0 0.15 0.740625 0.05390625 0.06640625
0 0.08828125 0.725 0.05390625 0.05390625
0 0.06796875 0.7703125 0.07265625 0.07265625
0 0.0328125 0.81328125 0.06484375 0.06015625
0 0.0234375 0.8609375 0.046875 0.065625
0 0.015625 0.92890625 0.03125 0.0640625
0 0.02265625 0.9796875 0.0453125 0.040625
0 0.07109375 0.97578125 0.0671875 0.0484375
0 0.1046875 0.9390625 0.0953125 0.06484375
0 0.17734375 0.978125 0.0640625 0.04375
0 0.17265625 0.934375 0.05078125 0.04609375
0 0.24140625 0.921875 0.08671875 0.08984375
0 0.10625 0.87109375 0.05078125 0.04296875
0 0.17109375 0.8796875 0.06640625 0.05078125
0 0.1125 0.81484375 0.06328125 0.06328125
0 0.19609375 0.80234375 0.04140625 0.04140625
0 0.1625 0.84140625 0.06484375 0.04453125
0 0.24296875 0.84765625 0.1 0.08046875
0 0.32265625 0.84921875 0.08515625 0.08046875
0 0.3765625 0.84921875 0.04453125 0.05859375
0 0.459375 0.815625 0.04609375 0.04921875
0 0.5015625 0.803125 0.04140625 0.04921875
0 0.54609375 0.79453125 0.05390625 0.08203125
0 0.62109375 0.765625 0.07421875 0.0984375
0 0.5 0.7359375 0.06328125 0.07578125
0 0.42265625 0.796875 0.04453125 0.05546875
0 0.44453125 0.7625 0.05390625 0.05390625
0 0.3078125 0.76328125 0.07734375 0.05859375
0 0.35078125 0.7296875 0.04921875 0.06015625
0 0.39375 0.74296875 0.05078125 0.06171875
0 0.259375 0.7203125 0.05390625 0.05703125
0 0.2890625 0.67734375 0.0296875 0.03828125
0 0.30390625 0.709375 0.04453125 0.04921875
0 0.33046875 0.6765625 0.06328125 0.06171875
0 0.3609375 0.64921875 0.05703125 0.05859375
0 0.2046875 0.69765625 0.06796875 0.06015625
0 0.24375 0.66328125 0.04140625 0.03828125
0 0.20859375 0.6546875 0.03828125 0.04140625
0 0.42578125 0.6609375 0.06640625 0.07109375
0 0.52578125 0.67265625 0.06171875 0.05078125
0 0.5890625 0.6625 0.03671875 0.04609375
0 0.63125 0.684375 0.06640625 0.05859375
0 0.70625 0.70234375 0.05859375 0.05390625
0 0.7703125 0.715625 0.05390625 0.04609375
0 0.74921875 0.67265625 0.05234375 0.05390625
0 0.7015625 0.65234375 0.07421875 0.05546875
0 0.69140625 0.61171875 0.05703125 0.04609375
0 0.63359375 0.61875 0.05546875 0.06640625
0 0.54375 0.6234375 0.07421875 0.05703125
0 0.58515625 0.57578125 0.05390625 0.07578125
0 0.4421875 0.6125 0.05546875 0.05390625
0 0.35859375 0.59140625 0.07109375 0.05703125
0 0.38515625 0.5671875 0.05546875 0.05859375
0 0.44921875 0.5625 0.06640625 0.04921875
0 0.4140625 0.5125 0.04921875 0.04140625
0 0.5234375 0.55 0.07265625 0.07109375
0 0.66640625 0.55703125 0.06640625 0.05703125
0 0.72109375 0.553125 0.05859375 0.06171875
0 0.76328125 0.6078125 0.06796875 0.06015625
0 0.80234375 0.57734375 0.06640625 0.06015625
0 0.8609375 0.60703125 0.05390625 0.04921875
0 0.86953125 0.66640625 0.04921875 0.04453125
0 0.846875 0.63828125 0.06328125 0.05234375
0 0.81953125 0.68828125 0.06015625 0.06015625
0 0.93671875 0.61875 0.05390625 0.06953125
0 0.8 0.52109375 0.03671875 0.04921875
0 0.74921875 0.48984375 0.06484375 0.05546875
0 0.771875 0.5125 0.05078125 0.05703125
0 0.80390625 0.46640625 0.04453125 0.04140625
0 0.7640625 0.44453125 0.05390625 0.03828125
0 0.85546875 0.46796875 0.06171875 0.05390625
0 0.97265625 0.78828125 0.0546875 0.0453125
0 0.93984375 0.81171875 0.06328125 0.04140625
0 0.9046875 0.8421875 0.06328125 0.05234375
0 0.94375 0.8609375 0.05234375 0.06328125
0 0.98203125 0.871875 0.0359375 0.046875
0 0.90078125 0.88984375 0.07421875 0.05546875
0 0.81015625 0.88046875 0.09140625 0.06171875
0 0.77578125 0.93046875 0.08359375 0.06328125
0 0.72734375 0.9734375 0.0640625 0.053125
0 0.7828125 0.975 0.05625 0.05
0 0.82734375 0.975 0.0484375 0.05
0 0.8390625 0.91953125 0.04921875 0.05078125
0 0.884375 0.93671875 0.06640625 0.05078125
0 0.92734375 0.97578125 0.0578125 0.0484375
0 0.98125 0.98203125 0.0375 0.0359375
0 0.9734375 0.9546875 0.053125 0.040625
0 0.9796875 0.91796875 0.040625 0.0421875
0 0.87421875 0.98203125 0.0421875 0.0359375
0 0.73671875 0.28046875 0.04921875 0.03359375
0 0.6578125 0.01328125 0.06484375 0.0265625
0 0.628125 0.06953125 0.06640625 0.05703125
0 0.9140625 0.0484375 0.04921875 0.04609375
0 0.8765625 0.36796875 0.05703125 0.05546875
0 0.81015625 0.3046875 0.05078125 0.04921875
0 0.76484375 0.4078125 0.06171875 0.05234375
0 0.7015625 0.4921875 0.05234375 0.04453125
0 0.5796875 0.721875 0.05546875 0.03828125
0 0.5296875 0.71328125 0.03828125 0.03203125
0 0.48984375 0.6640625 0.04609375 0.05234375
0 0.4921875 0.6109375 0.04140625 0.05078125
0 0.8015625 0.64609375 0.05546875 0.04921875
0 0.01640625 0.7625 0.0328125 0.040625
0 0.12734375 0.98359375 0.0640625 0.0328125