0 0.0125 0.95 0.025 0.1
0 0.02265625 0.8859375 0.00625 0.0015625
0 0.04609375 0.965625 0.0921875 0.06796875
0 0.0234375 0.6015625 0.046875 0.0921875
0 0.04140625 0.6625 0.05 0.05546875
0 0.09609375 0.6453125 0.0515625 0.0859375
0 0.06796875 0.60546875 0.05859375 0.06484375
0 0.15390625 0.65234375 0.0390625 0.06484375
0 0.19921875 0.66171875 0.0921875 0.115625
0 0.2546875 0.7125 0.06171875 0.084375
0 0.32578125 0.65546875 0.0734375 0.0515625
0 0.33671875 0.75859375 0.0828125 0.06640625
0 0.38828125 0.7296875 0.075 0.0828125
0 0.4 0.6515625 0.0734375 0.0796875
0 0.4390625 0.728125 0.06640625 0.06640625
0 0.45703125 0.665625 0.06015625 0.06796875
0 0.49296875 0.71484375 0.05 0.04375
0 0.50859375 0.69375 0.06328125 0.06328125
0 0.57734375 0.66796875 0.0890625 0.0921875
0 0.4796875 0.78984375 0.05703125 0.0921875
0 0.53359375 0.7828125 0.06953125 0.09765625
0 0.5875 0.7578125 0.078125 0.10703125
0 0.7390625 0.6609375 0.05 0.11015625
0 0.80078125 0.6609375 0.0921875 0.11015625
0 0.7109375 0.96640625 0.0875 0.06640625
0 0.67578125 0.9 0.05703125 0.11875
0 0.72109375 0.84453125 0.075 0.07109375
0 0.7546875 0.92109375 0.078125 0.05
0 0.76484375 0.87109375 0.06484375 0.06953125
0 0.84140625 0.86796875 0.06953125 0.06953125
0 0.78046875 0.96640625 0.05859375 0.06640625
0 0.8234375 0.96171875 0.0453125 0.0765625
0 0.8890625 0.971875 0.10625 0.05625
0 0.8796875 0.92890625 0.10078125 0.07109375
0 0.9375 0.93671875 0.05 0.06796875
0 0.903125 0.8796875 0.0921875 0.06171875
0 0.8671875 0.8203125 0.06796875 0.0796875
0 0.7234375 0.7828125 0.0734375 0.06484375
0 0.78359375 0.75234375 0.0734375 0.046875
0 0.790625 0.82578125 0.10703125 0.0859375
0 0.83671875 0.76484375 0.0828125 0.075
0 0.85078125 0.71484375 0.10703125 0.06953125
0 0.8859375 0.66015625 0.09609375 0.0828125
0 0.89921875 0.98046875 0.10390625 0.0390625
0 0.965625 0.97109375 0.065625 0.0578125
0 0.96640625 0.921875 0.06640625 0.06484375
0 0.975 0.86328125 0.05 0.10390625
0 0.9546875 0.83671875 0.075 0.05
0 0.9640625 0.7921875 0.07109375 0.078125
0 0.971875 0.75 0.05625 0.0625
0 0.9703125 0.68359375 0.059375 0.0828125
0 0.00625 0.33203125 0.0125 0.1171875
0 0.07109375 0.10625 0.06484375 0.06015625
0 0.1140625 0.06171875 0.06015625 0.06484375
0 0.1953125 0.04921875 0.05703125 0.06328125
0 0.1734375 0.0296875 0.115625 0.059375
0 0.2703125 0.0078125 0.096875 0.015625
0 0.16328125 0.31953125 0.0734375 0.09765625
0 0.225 0.37578125 0.046875 0.05703125
0 0.27890625 0.3828125 0.06171875 0.0390625
0 0.2453125 0.33203125 0.07109375 0.0765625
0 0.434375 0.46171875 0.0796875 0.0828125
0 0.60703125 0.47734375 0.075 0.0875
0 0.66796875 0.46640625 0.06953125 0.09921875
0 0.346875 0.38828125 0.0890625 0.06484375
0 0.29609375 0.35078125 0.05703125 0.0515625
0 0.2890625 0.30078125 0.06171875 0.06015625
0 0.3453125 0.325 0.0859375 0.084375
0 0.33046875 0.2609375 0.11875 0.0828125
0 0.27890625 0.1796875 0.11015625 0.09921875
0 0.3546875 0.1 0.11171875 0.125
0 0.4203125 0.109375 0.07109375 0.10546875
0 0.45546875 0.06328125 0.0796875 0.09453125
0 0.475 0.01875 0.0921875 0.0375
0 0.409375 0.35078125 0.05859375 0.10390625
0 0.45546875 0.38671875 0.09921875 0.06484375
0 0.45625 0.33359375 0.078125 0.0921875
0 0.44453125 0.2875 0.05546875 0.0453125
0 0.3984375 0.259375 0.0734375 0.10078125
0 0.415625 0.21484375 0.0875 0.06953125
0 0.409375 0.1765625 0.084375 0.06484375
0 0.46484375 0.24140625 0.0921875 0.06953125
0 0.4859375 0.16484375 0.0921875 0.06015625
0 0.52265625 0.19296875 0.06796875 0.084375
0 0.5234375 0.07109375 0.05703125 0.05546875
0 0.5546875 0.0515625 0.046875 0.05546875
0 0.5796875 0.05546875 0.06796875 0.10390625
0 0.64140625 0.028125 0.0828125 0.05625
0 0.68984375 0.01015625 0.0515625 0.0203125
0 0.53046875 0.3796875 0.078125 0.10078125
0 0.57734375 0.36875 0.05 0.06484375
0 0.534375 0.315625 0.02890625 0.046875
0 0.534375 0.27421875 0.06484375 0.06796875
0 0.6046875 0.24140625 0.0734375 0.0921875
0 0.60546875 0.30859375 0.05546875 0.0515625
0 0.6203125 0.36640625 0.05859375 0.0828125
0 0.68984375 0.39765625 0.05546875 0.06484375
0 0.73828125 0.40703125 0.09765625 0.0890625
0 0.79375 0.4640625 0.084375 0.0875
0 0.8640625 0.46171875 0.10546875 0.06328125
0 0.77421875 0.3359375 0.07109375 0.07109375
0 0.828125 0.36640625 0.10703125 0.10234375
0 0.8734375 0.39609375 0.10078125 0.11015625
0 0.940625 0.415625 0.046875 0.0453125
0 0.91328125 0.3765625 0.06015625 0.0515625
0 0.95234375 0.35234375 0.0828125 0.11015625
0 0.80859375 0.26484375 0.075 0.084375
0 0.98671875 0.35703125 0.02578125 0.1265625
0 0.653125 0.31953125 0.06328125 0.075
0 0.69375 0.3453125 0.0828125 0.06953125
0 0.70625 0.3046875 0.075 0.06328125
0 0.6765625 0.2671875 0.06171875 0.06640625
0 0.7296875 0.26640625 0.0765625 0.06484375
0 0.6765625 0.22734375 0.06484375 0.090625
0 0.57890625 0.16171875 0.06015625 0.06015625
0 0.62578125 0.14140625 0.0921875 0.09453125
0 0.71328125 0.16953125 0.0859375 0.0734375
0 0.7171875 0.1296875 0.084375 0.075
0 0.68984375 0.0875 0.06796875 0.05546875
0 0.725 0.03046875 0.05390625 0.0453125
0 0.7734375 0.0671875 0.09921875 0.0859375
0 0.7640625 0.2015625 0.06328125 0.06171875
0 0.79921875 0.2015625 0.0734375 0.06484375
0 0.7859375 0.13671875 0.06171875 0.06484375
0 0.871875 0.11875 0.07109375 0.09453125
0 0.853125 0.1953125 0.0765625 0.06640625
0 0.85859375 0.26953125 0.05859375 0.07109375
0 0.91015625 0.2640625 0.0796875 0.06015625
0 0.9828125 0.22578125 0.034375 0.1203125
0 0.9203125 0.1859375 0.06484375 0.06953125
0 0.93671875 0.13359375 0.075 0.05
0 0.98671875 0.20703125 0.02578125 0.046875
0 0.99296875 0.63125 0.0140625 0.078125