0 0.928125 0.0921875 0.12109375 0.109375
0 0.87734375 0.03828125 0.08515625 0.0765625
0 0.98125 0.046875 0.0375 0.09296875
0 0.79921875 0.04921875 0.05546875 0.06171875
0 0.6375 0.14296875 0.05546875 0.0671875
0 0.68671875 0.02890625 0.05078125 0.04375
0 0.57265625 0.08515625 0.0703125 0.065625
0 0.56875 0.03046875 0.05546875 0.05078125
0 0.52265625 0.01953125 0.071875 0.0390625
0 0.53125 0.05 0.0421875 0.04765625
0 0.4984375 0.0828125 0.0390625 0.04765625
0 0.459375 0.09765625 0.05546875 0.071875
0 0.41640625 0.02421875 0.0515625 0.0484375
0 0.5125 0.16875 0.0703125 0.0703125
0 0.725 0.3609375 0.09296875 0.075
0 0.9890625 0.5453125 0.02109375 0.04375
0 0.87890625 0.8765625 0.04609375 0.05078125
0 0.81171875 0.98515625 0.05859375 0.0296875
0 0.76953125 0.96484375 0.06171875 0.0703125
0 0.74296875 0.59375 0.08359375 0.0671875
0 0.6890625 0.634375 0.08359375 0.06875
0 0.65390625 0.66328125 0.05859375 0.05859375
0 0.62421875 0.68984375 0.0390625 0.0421875
0 0.59453125 0.7078125 0.0421875 0.04609375
0 0.57109375 0.72734375 0.04765625 0.04609375
0 0.5390625 0.7578125 0.0421875 0.0421875
0 0.50546875 0.77734375 0.04375 0.05078125
0 0.478125 0.790625 0.05703125 0.05546875
0 0.45234375 0.8140625 0.04609375 0.05234375
0 0.41875 0.83671875 0.05078125 0.05546875
0 0.3921875 0.86015625 0.0390625 0.04765625
0 0.37890625 0.8765625 0.06171875 0.06015625
0 0.4359375 0.94453125 0.04609375 0.0390625
0 0.2671875 0.98515625 0.0796875 0.0296875
0 0.22734375 0.96484375 0.08828125 0.0703125
0 0.16875 0.9921875 0.05625 0.015625
0 0.31953125 0.9484375 0.10625 0.08671875
0 0.28828125 0.93359375 0.0765625 0.09296875
0 0.03125 0.68671875 0.06171875 0.11953125
0 0.07734375 0.703125 0.06015625 0.06015625
0 0.1296875 0.65 0.06015625 0.08828125
0 0.07421875 0.62421875 0.0734375 0.075
0 0.08125 0.5578125 0.115625 0.08359375
0 0.18515625 0.62734375 0.08984375 0.08828125
0 0.18359375 0.5609375 0.0796875 0.05703125
0 0.2515625 0.61875 0.06171875 0.06015625
0 0.25078125 0.5640625 0.0734375 0.06171875
0 0.3140625 0.5765625 0.08515625 0.08828125
0 0.60859375 0.40625 0.08359375 0.08359375
0 0.503125 0.4390625 0.1046875 0.115625
0 0.35703125 0.425 0.08671875 0.09140625
0 0.40625 0.45 0.10625 0.1125
0 0.32578125 0.48828125 0.0703125 0.06171875
0 0.2671875 0.45859375 0.08984375 0.1
0 0.18828125 0.45390625 0.065625 0.075
0 0.13828125 0.44140625 0.06015625 0.06875
0 0.04140625 0.4359375 0.0828125 0.090625
0 0.02421875 0.40234375 0.0484375 0.0859375
0 0.34921875 0.14375 0.08671875 0.09140625
0 0.275 0.11328125 0.08359375 0.0796875
0 0.19140625 0.20078125 0.071875 0.05859375
0 0.171875 0.16484375 0.075 0.065625
0 0.134375 0.11953125 0.075 0.065625
0 0.07734375 0.1390625 0.0703125 0.06171875
0 0.046875 0.1078125 0.05703125 0.071875
0 0.08515625 0.0796875 0.065625 0.05234375
0 0.07421875 0.0296875 0.1 0.05859375
0 0.02109375 0.05859375 0.0421875 0.06875
0 0.00859375 0.1171875 0.0171875 0.05625
0 0.00859375 0.00859375 0.0171875 0.0171875
0 0.57109375 0.146875 0.0734375 0.06171875
0 0.43359375 0.178125 0.0671875 0.06171875
0 0.27421875 0.17109375 0.075 0.05390625