0 0.97890625 0.04453125 0.0421875 0.0890625
0 0.96015625 0.103125 0.00625 0.0015625
0 0.94375 0.02890625 0.10546875 0.0578125
0 0.99140625 0.39296875 0.0171875 0.11484375
0 0.9625 0.3828125 0.05234375 0.09140625
0 0.94140625 0.32265625 0.04921875 0.0546875
0 0.88828125 0.33984375 0.05078125 0.084375
0 0.915625 0.37890625 0.0578125 0.0640625
0 0.83046875 0.33203125 0.03828125 0.0640625
0 0.78671875 0.3234375 0.09140625 0.11328125
0 0.73125 0.2734375 0.0609375 0.0828125
0 0.6625 0.32890625 0.071875 0.05078125
0 0.65078125 0.22734375 0.08125 0.065625
0 0.60078125 0.25625 0.0734375 0.08125
0 0.58828125 0.3328125 0.071875 0.078125
0 0.55 0.2578125 0.065625 0.065625
0 0.5328125 0.31953125 0.059375 0.0671875
0 0.49765625 0.27109375 0.04921875 0.04296875
0 0.48125 0.29140625 0.0625 0.0625
0 0.41484375 0.3171875 0.0875 0.09140625
0 0.51015625 0.19765625 0.05625 0.09140625
0 0.4578125 0.2046875 0.06875 0.09609375
0 0.40390625 0.228125 0.0765625 0.10546875
0 0.2546875 0.32421875 0.04921875 0.10859375
0 0.19375 0.32421875 0.09140625 0.10859375
0 0.2828125 0.028125 0.0859375 0.05625
0 0.3171875 0.08828125 0.05625 0.11640625
0 0.2734375 0.14375 0.0734375 0.0703125
0 0.23984375 0.06796875 0.0765625 0.04921875
0 0.2296875 0.1171875 0.0640625 0.06875
0 0.15390625 0.1203125 0.06875 0.06875
0 0.2140625 0.028125 0.0578125 0.05625
0 0.17265625 0.0328125 0.04453125 0.065625
0 0.10703125 0.0234375 0.10546875 0.04609375
0 0.11640625 0.0609375 0.09921875 0.0703125
0 0.06015625 0.05234375 0.04921875 0.0671875
0 0.09375 0.10859375 0.09140625 0.0609375
0 0.1296875 0.1671875 0.0671875 0.078125
0 0.27109375 0.2046875 0.071875 0.0640625
0 0.21171875 0.234375 0.071875 0.04609375
0 0.2046875 0.1625 0.10546875 0.084375
0 0.15859375 0.221875 0.08125 0.0734375
0 0.1453125 0.27109375 0.10546875 0.06875
0 0.1109375 0.325 0.09453125 0.08125
0 0.0984375 0.0140625 0.103125 0.028125
0 0.03203125 0.02421875 0.0640625 0.04765625
0 0.03203125 0.0671875 0.0640625 0.0640625
0 0.02421875 0.12421875 0.04765625 0.10234375
0 0.04296875 0.15078125 0.0734375 0.04921875
0 0.034375 0.19453125 0.06875 0.0765625
0 0.0265625 0.2375 0.05234375 0.0625
0 0.028125 0.30234375 0.05625 0.08125
0 0.98515625 0.64765625 0.0296875 0.1140625
0 0.9125 0.86953125 0.0640625 0.059375
0 0.86953125 0.9140625 0.059375 0.0640625
0 0.78984375 0.92578125 0.05625 0.0625
0 0.8109375 0.95859375 0.11328125 0.0828125
0 0.715625 0.9796875 0.09609375 0.03984375
0 0.821875 0.659375 0.071875 0.09609375
0 0.7609375 0.6046875 0.04609375 0.05625
0 0.7078125 0.59765625 0.0609375 0.03828125
0 0.74140625 0.64765625 0.0703125 0.075
0 0.55546875 0.5203125 0.078125 0.08125
0 0.38515625 0.5046875 0.0734375 0.0859375
0 0.325 0.51484375 0.06875 0.09765625
0 0.64140625 0.59296875 0.0875 0.0640625
0 0.690625 0.6296875 0.05625 0.05078125
0 0.6984375 0.678125 0.0609375 0.059375
0 0.64296875 0.6546875 0.084375 0.0828125
0 0.65703125 0.71796875 0.11640625 0.08125
0 0.7078125 0.79765625 0.10859375 0.09765625
0 0.63359375 0.8765625 0.11015625 0.12265625
0 0.56875 0.86640625 0.0703125 0.10390625
0 0.534375 0.9125 0.078125 0.09296875
0 0.51484375 0.96875 0.09140625 0.0625
0 0.5796875 0.6296875 0.0578125 0.10234375
0 0.534375 0.59453125 0.09765625 0.0640625
0 0.53359375 0.64609375 0.0765625 0.09140625
0 0.54453125 0.69140625 0.0546875 0.04453125
0 0.590625 0.71875 0.071875 0.09921875
0 0.5734375 0.7625 0.0859375 0.06875
0 0.5796875 0.8 0.0828125 0.0640625
0 0.525 0.7375 0.09140625 0.06875
0 0.50390625 0.8125 0.09140625 0.059375
0 0.46796875 0.784375 0.0671875 0.0828125
0 0.4671875 0.90390625 0.05625 0.0546875
0 0.43671875 0.9234375 0.04609375 0.0546875
0 0.4125 0.9203125 0.0671875 0.10234375
0 0.35078125 0.94921875 0.08125 0.0578125
0 0.303125 0.97734375 0.05078125 0.04453125
0 0.46015625 0.60078125 0.0765625 0.09921875
0 0.41484375 0.61171875 0.04921875 0.0640625
0 0.45703125 0.6640625 0.02890625 0.04609375
0 0.45703125 0.7046875 0.0640625 0.0671875
0 0.3875 0.7375 0.071875 0.09140625
0 0.38671875 0.67109375 0.0546875 0.05078125
0 0.371875 0.6140625 0.0578125 0.08125
0 0.303125 0.5828125 0.0546875 0.0640625
0 0.25546875 0.57421875 0.09609375 0.0875
0 0.2015625 0.5171875 0.0828125 0.0859375
0 0.13203125 0.5203125 0.10390625 0.0625
0 0.2203125 0.64375 0.0703125 0.0703125
0 0.16796875 0.6140625 0.10546875 0.10078125
0 0.12265625 0.584375 0.09921875 0.10859375
0 0.05703125 0.565625 0.04609375 0.04453125
0 0.08359375 0.60390625 0.059375 0.05078125
0 0.0453125 0.628125 0.08125 0.10859375
0 0.18671875 0.7140625 0.0734375 0.0828125
0 0.0125 0.621875 0.025 0.125
0 0.33984375 0.659375 0.0625 0.0734375
0 0.29921875 0.63515625 0.08125 0.06875
0 0.2875 0.675 0.0734375 0.0625
0 0.31640625 0.71171875 0.0609375 0.065625
0 0.2640625 0.7125 0.075 0.0640625
0 0.31640625 0.75078125 0.0640625 0.08984375
0 0.41328125 0.815625 0.059375 0.059375
0 0.36640625 0.83515625 0.09140625 0.09296875
0 0.28046875 0.8078125 0.084375 0.071875
0 0.2765625 0.846875 0.0828125 0.0734375
0 0.303125 0.88828125 0.0671875 0.0546875
0 0.26953125 0.94375 0.05234375 0.04453125
0 0.22109375 0.9078125 0.09765625 0.084375
0 0.23046875 0.7765625 0.0625 0.0609375
0 0.1953125 0.7765625 0.071875 0.0640625
0 0.209375 0.840625 0.0609375 0.0640625
0 0.12421875 0.8578125 0.0703125 0.09296875
0 0.14296875 0.78203125 0.075 0.065625
0 0.1375 0.709375 0.0578125 0.0703125
0 0.08671875 0.71484375 0.078125 0.059375
0 0.01640625 0.7515625 0.0328125 0.11875
0 0.0765625 0.79140625 0.0640625 0.06875
0 0.0609375 0.84296875 0.0734375 0.04921875
0 0.0125 0.7703125 0.025 0.046875
0 0.00546875 0.353125 0.0109375 0.0765625