0 0.0828125 0.08984375 0.115625 0.1046875
0 0.13125 0.0375 0.08125 0.075
0 0.025 0.0453125 0.05 0.090625
0 0.20625 0.0484375 0.053125 0.059375
0 0.3609375 0.13828125 0.053125 0.0640625
0 0.31328125 0.02890625 0.0484375 0.0421875
0 0.42265625 0.0828125 0.0671875 0.0625
0 0.4265625 0.03046875 0.053125 0.0484375
0 0.4703125 0.01953125 0.06875 0.0390625
0 0.4625 0.04921875 0.040625 0.0453125
0 0.49375 0.08046875 0.0375 0.0453125
0 0.53125 0.0953125 0.053125 0.06875
0 0.57265625 0.02421875 0.0484375 0.0484375
0 0.48046875 0.16328125 0.0671875 0.0671875
0 0.27734375 0.346875 0.0890625 0.071875
0 0.0171875 0.52265625 0.034375 0.0421875
0 0.1296875 0.83984375 0.04375 0.0484375
0 0.19375 0.96484375 0.05625 0.0703125
0 0.234375 0.9265625 0.059375 0.071875
0 0.26015625 0.56953125 0.0796875 0.0640625
0 0.31171875 0.6078125 0.0796875 0.065625
0 0.3453125 0.6359375 0.05625 0.05625
0 0.3734375 0.6609375 0.0375 0.040625
0 0.4015625 0.678125 0.040625 0.04375
0 0.42421875 0.696875 0.0453125 0.04375
0 0.4546875 0.7265625 0.040625 0.040625
0 0.48671875 0.74453125 0.0421875 0.0484375
0 0.51328125 0.7578125 0.0546875 0.053125
0 0.5375 0.7796875 0.04375 0.05
0 0.56953125 0.8015625 0.0484375 0.053125
0 0.5953125 0.82421875 0.0375 0.0453125
0 0.6078125 0.83984375 0.059375 0.0578125
0 0.553125 0.9046875 0.04375 0.0375
0 0.6640625 0.984375 0.0625 0.03125
0 0.71484375 0.9625 0.0765625 0.065625
0 0.753125 0.9265625 0.084375 0.071875
0 0.809375 0.971875 0.053125 0.05625
0 0.77109375 0.97734375 0.0671875 0.0421875
0 0.66484375 0.90859375 0.1015625 0.0828125
0 0.69453125 0.89453125 0.0734375 0.0890625
0 0.95546875 0.65859375 0.0890625 0.1140625
0 0.89609375 0.67421875 0.0578125 0.0578125
0 0.84609375 0.6234375 0.0578125 0.084375
0 0.89921875 0.5984375 0.0703125 0.071875
0 0.89296875 0.53515625 0.1109375 0.0796875
0 0.79296875 0.6015625 0.0859375 0.084375
0 0.79453125 0.53828125 0.0765625 0.0546875
0 0.7296875 0.59296875 0.059375 0.0578125
0 0.73046875 0.540625 0.0703125 0.059375
0 0.6703125 0.553125 0.08125 0.084375
0 0.38828125 0.38984375 0.0796875 0.0796875
0 0.4890625 0.42109375 0.1 0.1109375
0 0.62890625 0.4078125 0.0828125 0.0875
0 0.58203125 0.43203125 0.1015625 0.1078125
0 0.65859375 0.46875 0.0671875 0.059375
0 0.71484375 0.43984375 0.0859375 0.0953125
0 0.790625 0.4359375 0.0625 0.071875
0 0.83828125 0.4234375 0.0578125 0.065625
0 0.9390625 0.41953125 0.09375 0.0859375
0 0.9625 0.38671875 0.075 0.0828125
0 0.63671875 0.1390625 0.0828125 0.0875
0 0.70703125 0.11015625 0.0796875 0.0765625
0 0.7875 0.19375 0.06875 0.05625
0 0.80625 0.159375 0.071875 0.0625
0 0.8421875 0.115625 0.071875 0.0625
0 0.89609375 0.134375 0.0671875 0.059375
0 0.92578125 0.1046875 0.0546875 0.06875
0 0.8890625 0.078125 0.0625 0.05
0 0.89921875 0.02890625 0.0953125 0.0578125
0 0.9546875 0.0578125 0.05 0.065625
0 0.97734375 0.1140625 0.0453125 0.053125
0 0.98203125 0.06875 0.0359375 0.05
0 0.97734375 0.009375 0.0453125 0.01875
0 0.9875 0.03359375 0.025 0.0359375
0 0.42421875 0.1421875 0.0703125 0.059375
0 0.55546875 0.171875 0.0640625 0.059375
0 0.7078125 0.16484375 0.071875 0.0515625