0 0.63984375 0.1703125 0.07109375 0.0515625
0 0.79453125 0.16171875 0.05 0.0375
0 0.8796875 0.3609375 0.0328125 0.04375
0 0.921875 0.33125 0.0515625 0.0390625
0 0.95625 0.4390625 0.0875 0.06328125
0 0.97734375 0.5203125 0.0453125 0.0734375
0 0.815625 0.52734375 0.06640625 0.075
0 0.67109375 0.43046875 0.05 0.06484375
0 0.571875 0.51640625 0.05390625 0.0453125
0 0.59296875 0.5296875 0.0375 0.0375
0 0.5421875 0.56953125 0.078125 0.06171875
0 0.47265625 0.5203125 0.10390625 0.06640625
0 0.4765625 0.5859375 0.06640625 0.07109375
0 0.5109375 0.63125 0.06015625 0.0515625
0 0.578125 0.64609375 0.09765625 0.06796875
0 0.5375 0.70234375 0.075 0.0828125
0 0.484375 0.68046875 0.06640625 0.05546875
0 0.45390625 0.640625 0.06328125 0.06953125
0 0.4328125 0.590625 0.05390625 0.05546875
0 0.4203125 0.546875 0.0421875 0.06171875
0 0.86875 0.68984375 0.06484375 0.06484375
0 0.91953125 0.715625 0.040625 0.0421875
0 0.92265625 0.84765625 0.05 0.075
0 0.96796875 0.85859375 0.06328125 0.06796875
0 0.7625 0.93828125 0.04375 0.06171875
0 0.7296875 0.91640625 0.040625 0.06015625
0 0.7203125 0.8015625 0.05390625 0.05546875
0 0.7015625 0.834375 0.0390625 0.0421875
0 0.58203125 0.834375 0.0765625 0.090625
0 0.67265625 0.884375 0.0921875 0.078125
0 0.6875 0.940625 0.06953125 0.06015625
0 0.65546875 0.98984375 0.0796875 0.0203125
0 0.60546875 0.915625 0.05546875 0.0453125
0 0.546875 0.9421875 0.078125 0.06015625
0 0.565625 0.97421875 0.04375 0.0421875
0 0.590625 0.984375 0.0453125 0.03046875
0 0.5078125 0.98984375 0.103125 0.0203125
0 0.484375 0.96328125 0.05703125 0.04375
0 0.46484375 0.92890625 0.04375 0.0328125
0 0.52109375 0.87578125 0.07109375 0.0859375
0 0.490625 0.825 0.05859375 0.0421875
0 0.55546875 0.7640625 0.078125 0.06328125
0 0.49140625 0.78359375 0.0765625 0.05
0 0.41640625 0.75546875 0.046875 0.040625
0 0.409375 0.71796875 0.0453125 0.040625
0 0.4109375 0.6390625 0.05546875 0.05703125
0 0.36796875 0.5796875 0.06640625 0.0453125
0 0.38046875 0.53515625 0.05 0.04375
0 0.3359375 0.51484375 0.06171875 0.0421875
0 0.33515625 0.5421875 0.05 0.0359375
0 0.29453125 0.5609375 0.046875 0.05
0 0.3125 0.6 0.05 0.04375
0 0.25625 0.51953125 0.06796875 0.05546875
0 0.29921875 0.484375 0.06015625 0.046875
0 0.43984375 0.38203125 0.0390625 0.04375
0 0.29765625 0.4390625 0.040625 0.0375
0 0.3171875 0.4140625 0.06953125 0.0390625
0 0.2921875 0.38125 0.06796875 0.075
0 0.24296875 0.371875 0.06015625 0.05859375
0 0.25234375 0.4296875 0.05 0.05
0 0.2171875 0.4703125 0.05546875 0.06328125
0 0.21015625 0.4171875 0.046875 0.0390625
0 0.209375 0.38203125 0.0328125 0.0375
0 0.18515625 0.37109375 0.0390625 0.046875
0 0.16796875 0.42265625 0.04375 0.05
0 0.1328125 0.37421875 0.0453125 0.046875
0 0.18046875 0.3234375 0.0421875 0.0359375
0 0.20078125 0.29375 0.040625 0.0390625
0 0.2328125 0.2703125 0.05390625 0.046875
0 0.184375 0.265625 0.05390625 0.046875
0 0.1546875 0.228125 0.06953125 0.06328125
0 0.10390625 0.20859375 0.0453125 0.06015625
0 0.1015625 0.16171875 0.05390625 0.04375
0 0.11953125 0.121875 0.05 0.0421875
0 0.06796875 0.14921875 0.06484375 0.05859375
0 0.065625 0.2015625 0.046875 0.05546875
0 0.02890625 0.22578125 0.0421875 0.0515625
0 0.0546875 0.2640625 0.04375 0.05
0 0.1078125 0.26875 0.05 0.05
0 0.1390625 0.30625 0.05703125 0.06015625
0 0.09765625 0.32890625 0.05546875 0.04375
0 0.021875 0.146875 0.04375 0.06328125
0 0.00390625 0.11171875 0.0078125 0.0453125
0 0.0296875 0.06796875 0.059375 0.0578125
0 0.0359375 0.04296875 0.0421875 0.046875
0 0.07109375 0.01953125 0.075 0.0390625
0 0.02734375 0.4703125 0.0546875 0.0875
0 0.0546875 0.5 0.05 0.0515625
0 0.04609375 0.55859375 0.0796875 0.06796875
0 0.10546875 0.57578125 0.0453125 0.06015625
0 0.05 0.5984375 0.05546875 0.05
0 0.0453125 0.64453125 0.05546875 0.06171875
0 0.09453125 0.63046875 0.05859375 0.06015625
0 0.14765625 0.62109375 0.06171875 0.05390625
0 0.1421875 0.6765625 0.06015625 0.084375
0 0.19921875 0.67109375 0.04375 0.04375
0 0.184375 0.70234375 0.06015625 0.04375
0 0.121875 0.734375 0.05546875 0.05390625
0 0.17265625 0.753125 0.04375 0.07109375
0 0.2015625 0.778125 0.0359375 0.0375
0 0.2328125 0.74609375 0.040625 0.04375
0 0.2765625 0.76875 0.05 0.05703125
0 0.24609375 0.796875 0.05 0.05546875
0 0.2375 0.83203125 0.046875 0.06015625
0 0.3125 0.821875 0.040625 0.05390625
0 0.29140625 0.84765625 0.040625 0.0390625
0 0.27734375 0.8796875 0.05859375 0.06484375
0 0.41640625 0.90078125 0.05390625 0.05859375
0 0.36875 0.92109375 0.0453125 0.06015625
0 0.3125 0.94296875 0.06640625 0.10390625
0 0.39765625 0.12109375 0.0359375 0.02734375