0 0.37265625 0.16640625 0.06953125 0.05
0 0.22265625 0.1578125 0.0484375 0.0359375
0 0.13984375 0.3515625 0.03125 0.0421875
0 0.09921875 0.32265625 0.05 0.0375
0 0.06328125 0.4265625 0.09140625 0.0609375
0 0.03359375 0.5046875 0.0671875 0.071875
0 0.20234375 0.5125 0.06484375 0.07265625
0 0.3421875 0.41796875 0.0484375 0.06328125
0 0.43828125 0.5015625 0.0515625 0.04375
0 0.4171875 0.51484375 0.0359375 0.0359375
0 0.4671875 0.553125 0.07578125 0.059375
0 0.534375 0.50546875 0.10078125 0.06484375
0 0.53046875 0.56953125 0.06484375 0.06953125
0 0.49765625 0.61328125 0.0578125 0.05
0 0.43203125 0.62734375 0.09453125 0.06640625
0 0.471875 0.68125 0.07265625 0.08046875
0 0.52265625 0.66015625 0.06484375 0.053125
0 0.55234375 0.621875 0.0609375 0.06796875
0 0.5734375 0.57421875 0.0515625 0.053125
0 0.58515625 0.53125 0.040625 0.059375
0 0.15078125 0.66953125 0.06328125 0.06328125
0 0.1015625 0.6953125 0.0390625 0.040625
0 0.0984375 0.82265625 0.0484375 0.07265625
0 0.0515625 0.83359375 0.06640625 0.06640625
0 0.25390625 0.91015625 0.0421875 0.059375
0 0.28515625 0.8890625 0.0390625 0.0578125
0 0.29453125 0.778125 0.0515625 0.053125
0 0.31328125 0.809375 0.0375 0.040625
0 0.428125 0.809375 0.07421875 0.08828125
0 0.340625 0.85859375 0.08984375 0.07578125
0 0.3265625 0.9125 0.06796875 0.0578125
0 0.3578125 0.97578125 0.07734375 0.0484375
0 0.40546875 0.88828125 0.053125 0.04375
0 0.4625 0.9140625 0.07578125 0.0578125
0 0.44453125 0.9453125 0.0421875 0.040625
0 0.41953125 0.9578125 0.04375 0.034375
0 0.4328125 0.9828125 0.0546875 0.034375
0 0.50078125 0.97578125 0.09921875 0.0484375
0 0.52265625 0.934375 0.0546875 0.0421875
0 0.54140625 0.90078125 0.0421875 0.03125
0 0.4875 0.85 0.06953125 0.08359375
0 0.5171875 0.8 0.05625 0.040625
0 0.4546875 0.74140625 0.07578125 0.0609375
0 0.51640625 0.76015625 0.07421875 0.0484375
0 0.5890625 0.73359375 0.0453125 0.0390625
0 0.59609375 0.69765625 0.04375 0.0390625
0 0.59453125 0.6203125 0.053125 0.0546875
0 0.6359375 0.56328125 0.06484375 0.04375
0 0.6234375 0.51953125 0.0484375 0.0421875
0 0.66640625 0.5 0.059375 0.040625
0 0.6671875 0.5265625 0.0484375 0.034375
0 0.70703125 0.54453125 0.0453125 0.0484375
0 0.68984375 0.5828125 0.0484375 0.0421875
0 0.74375 0.5046875 0.06640625 0.053125
0 0.70234375 0.47109375 0.0578125 0.0453125
0 0.56640625 0.371875 0.0375 0.0421875
0 0.70390625 0.4265625 0.0390625 0.0359375
0 0.684375 0.40234375 0.06796875 0.0375
0 0.709375 0.37109375 0.06640625 0.07265625
0 0.75703125 0.36171875 0.0578125 0.05625
0 0.74765625 0.4171875 0.0484375 0.0484375
0 0.78125 0.45703125 0.053125 0.0609375
0 0.78828125 0.40546875 0.0453125 0.0375
0 0.7890625 0.371875 0.03125 0.0359375
0 0.81328125 0.3609375 0.0375 0.0453125
0 0.8296875 0.4109375 0.0421875 0.0484375
0 0.86328125 0.3640625 0.04375 0.0453125
0 0.81796875 0.31484375 0.040625 0.034375
0 0.79765625 0.2859375 0.0390625 0.0375
0 0.76640625 0.26328125 0.0515625 0.0453125
0 0.8140625 0.25859375 0.0515625 0.0453125
0 0.8421875 0.22265625 0.06796875 0.0609375
0 0.89140625 0.20390625 0.04375 0.0578125
0 0.89375 0.1578125 0.0515625 0.0421875
0 0.8765625 0.11953125 0.0484375 0.040625
0 0.92578125 0.14609375 0.06328125 0.05625
0 0.928125 0.196875 0.0453125 0.053125
0 0.9640625 0.2203125 0.040625 0.05
0 0.93984375 0.25703125 0.0421875 0.0484375
0 0.8875 0.26171875 0.0484375 0.0484375
0 0.8578125 0.29765625 0.0546875 0.0578125
0 0.89765625 0.3203125 0.053125 0.0421875
0 0.975 0.14375 0.05 0.0609375
0 0.9921875 0.11015625 0.015625 0.04375
0 0.9671875 0.06796875 0.065625 0.0546875
0 0.9578125 0.04296875 0.040625 0.0453125
0 0.92265625 0.01953125 0.07265625 0.0390625
0 0.9703125 0.4578125 0.059375 0.08515625
0 0.93984375 0.4859375 0.0484375 0.05
0 0.94765625 0.5421875 0.07734375 0.06640625
0 0.88984375 0.55859375 0.04375 0.0578125
0 0.94375 0.58125 0.053125 0.0484375
0 0.9484375 0.62578125 0.053125 0.059375
0 0.90078125 0.6125 0.05625 0.0578125
0 0.84921875 0.603125 0.059375 0.0515625
0 0.8546875 0.65703125 0.0578125 0.08203125
0 0.79921875 0.6515625 0.0421875 0.0421875
0 0.8140625 0.68125 0.0578125 0.0421875
0 0.87421875 0.71328125 0.053125 0.0515625
0 0.825 0.73125 0.0421875 0.06953125
0 0.796875 0.75546875 0.034375 0.0359375
0 0.76640625 0.72421875 0.0390625 0.0421875
0 0.72421875 0.74609375 0.0484375 0.0546875
0 0.75390625 0.7734375 0.0484375 0.053125
0 0.76171875 0.80703125 0.0453125 0.0578125
0 0.68984375 0.79765625 0.0390625 0.0515625
0 0.71015625 0.82265625 0.0390625 0.0375
0 0.7234375 0.85390625 0.05625 0.06328125
0 0.5890625 0.87421875 0.0515625 0.05625
0 0.63515625 0.89375 0.04375 0.0578125
0 0.68984375 0.91484375 0.06484375 0.10078125
0 0.60703125 0.11875 0.034375 0.0265625