0 0.0203125 0.01953125 0.040625 0.0390625
0 0.078125 0.0296875 0.053125 0.053125
0 0.0140625 0.11484375 0.028125 0.0546875
0 0.0203125 0.1515625 0.040625 0.028125
0 0.2875 0.0203125 0.0625 0.040625
0 0.228125 0.0484375 0.0625 0.0625
0 0.3265625 0.04453125 0.08125 0.0890625
0 0.23203125 0.0953125 0.0390625 0.05
0 0.1859375 0.1140625 0.040625 0.053125
0 0.27265625 0.12578125 0.0421875 0.0671875
0 0.23515625 0.12890625 0.0453125 0.0484375
0 0.15859375 0.14921875 0.0359375 0.0421875
0 0.196875 0.15 0.040625 0.059375
0 0.1375 0.20703125 0.071875 0.0734375
0 0.18828125 0.21171875 0.0671875 0.0765625
0 0.2515625 0.17109375 0.03125 0.0359375
0 0.1390625 0.265625 0.071875 0.06875
0 0.04296875 0.31640625 0.0515625 0.0953125
0 0.1078125 0.31953125 0.0625 0.0671875
0 0.0734375 0.3390625 0.03125 0.06875
0 0.015625 0.39765625 0.03125 0.0453125
0 0.05234375 0.3984375 0.0671875 0.040625
0 0.046875 0.43203125 0.03125 0.0453125
0 0.01796875 0.4875 0.0359375 0.0625
0 0.0140625 0.434375 0.028125 0.04375
0 0.0171875 0.89296875 0.034375 0.0703125
0 0.03984375 0.8328125 0.0796875 0.071875
0 0.07421875 0.784375 0.0546875 0.071875
0 0.11171875 0.728125 0.0578125 0.08125
0 0.1734375 0.72734375 0.075 0.0734375
0 0.278125 0.5625 0.071875 0.059375
0 0.30390625 0.509375 0.0796875 0.0625
0 0.28984375 0.4578125 0.0765625 0.08125
0 0.3453125 0.38125 0.0625 0.05625
0 0.3734375 0.32734375 0.05 0.0453125
0 0.46484375 0.18984375 0.0421875 0.0578125
0 0.54453125 0.14453125 0.0578125 0.0609375
0 0.63359375 0.22109375 0.0796875 0.0796875
0 0.471875 0.29609375 0.053125 0.0453125
0 0.70546875 0.38203125 0.0484375 0.0453125
0 0.72109375 0.35625 0.0640625 0.0625
0 0.44921875 0.52890625 0.0484375 0.0640625
0 0.49140625 0.55703125 0.0390625 0.0484375
0 0.678125 0.46796875 0.05 0.0765625
0 0.42734375 0.665625 0.0578125 0.0375
0 0.4171875 0.69609375 0.040625 0.0390625
0 0.4 0.71015625 0.053125 0.0390625
0 0.38203125 0.75234375 0.0703125 0.0484375
0 0.384375 0.7796875 0.05625 0.04375
0 0.2796875 0.890625 0.05625 0.05625
0 0.33515625 0.9046875 0.0484375 0.040625
0 0.32890625 0.94375 0.0484375 0.0375
0 0.59609375 0.83671875 0.0578125 0.0640625
0 0.55546875 0.95859375 0.0421875 0.0453125
0 0.6390625 0.578125 0.0625 0.04375
0 0.74765625 0.53046875 0.0484375 0.0484375
0 0.7359375 0.59921875 0.08125 0.0578125
0 0.9046875 0.4265625 0.059375 0.0625
0 0.94140625 0.40234375 0.0703125 0.0671875
0 0.9328125 0.45859375 0.05 0.0453125
0 0.9109375 0.56015625 0.05 0.0421875
0 0.8640625 0.58515625 0.053125 0.0609375
0 0.94375 0.59609375 0.059375 0.0828125
0 0.91796875 0.6453125 0.0578125 0.053125
0 0.8609375 0.67890625 0.059375 0.0703125
0 0.93125 0.7015625 0.071875 0.071875
0 0.9234375 0.74453125 0.090625 0.0671875
0 0.896875 0.78984375 0.065625 0.0703125
0 0.75859375 0.06953125 0.0359375 0.0546875
0 0.790625 0.071875 0.0375 0.040625
0 0.78359375 0.1078125 0.0453125 0.05
0 0.0703125 0.89453125 0.053125 0.0546875