0 0.32265625 0.065625 0.0796875 0.0625
0 0.53125 0.07421875 0.075 0.0703125
0 0.31953125 0.525 0.0671875 0.065625
0 0.06796875 0.69765625 0.0796875 0.0796875
0 0.17578125 0.684375 0.0859375 0.084375
0 0.10234375 0.7828125 0.0953125 0.115625
0 0.5328125 0.68828125 0.05625 0.0578125
0 0.46484375 0.61796875 0.0484375 0.0515625
0 0.4359375 0.69921875 0.05625 0.0484375
0 0.08515625 0.87734375 0.0328125 0.0390625
0 0.65390625 0.69375 0.0703125 0.08125
0 0.6921875 0.44609375 0.0625 0.0671875
0 0.7703125 0.39765625 0.05625 0.0484375
0 0.9796875 0.27734375 0.040625 0.0859375
0 0.91015625 0.365625 0.0640625 0.05625
0 0.97578125 0.36171875 0.0484375 0.0765625
0 0.93671875 0.39921875 0.0578125 0.0609375
0 0.86171875 0.4421875 0.0578125 0.053125
0 0.83515625 0.47578125 0.0640625 0.0796875
0 0.896875 0.4515625 0.065625 0.071875
0 0.94296875 0.4546875 0.0671875 0.084375
0 0.7734375 0.64296875 0.084375 0.0890625
0 0.81953125 0.55859375 0.0578125 0.0796875
0 0.78359375 0.59375 0.0703125 0.0625
0 0.8484375 0.63359375 0.090625 0.1015625
0 0.89765625 0.51015625 0.0609375 0.0796875
0 0.978125 0.471875 0.04375 0.053125
0 0.9671875 0.54921875 0.065625 0.0703125
0 0.9109375 0.64765625 0.059375 0.0546875
0 0.90546875 0.58046875 0.0890625 0.1140625
0 0.97421875 0.659375 0.0515625 0.084375
0 0.96953125 0.59765625 0.0609375 0.0578125
0 0.753125 0.69140625 0.0625 0.0734375
0 0.7140625 0.7203125 0.06875 0.075
0 0.66796875 0.79296875 0.0671875 0.0671875
0 0.72109375 0.76328125 0.0453125 0.0734375
0 0.77421875 0.7453125 0.0546875 0.059375
0 0.83125 0.6890625 0.071875 0.040625
0 0.83984375 0.7390625 0.0984375 0.09375
0 0.89296875 0.725 0.0578125 0.0625
0 0.93828125 0.7171875 0.0453125 0.05
0 0.984375 0.73671875 0.03125 0.1296875
0 0.96953125 0.7765625 0.0609375 0.1
0 0.9234375 0.76484375 0.084375 0.0765625
0 0.82421875 0.8171875 0.0609375 0.053125
0 0.7859375 0.7859375 0.0625 0.071875
0 0.75234375 0.8078125 0.0953125 0.06875
0 0.775 0.84921875 0.0625 0.0671875
0 0.74375 0.89609375 0.053125 0.0578125
0 0.61875 0.95703125 0.08125 0.0578125
0 0.58359375 0.9734375 0.0984375 0.053125
0 0.70546875 0.93125 0.0890625 0.1125
0 0.75234375 0.93671875 0.0578125 0.0578125
0 0.796875 0.9140625 0.06875 0.071875
0 0.828125 0.85546875 0.059375 0.0796875
0 0.89453125 0.82109375 0.0515625 0.0671875
0 0.9515625 0.83125 0.071875 0.071875
0 0.9578125 0.90859375 0.05 0.0671875
0 0.978125 0.878125 0.04375 0.084375
0 0.878125 0.86875 0.053125 0.06875
0 0.88515625 0.9171875 0.0484375 0.05625
0 0.91796875 0.89140625 0.0484375 0.0796875
0 0.68984375 0.87265625 0.0390625 0.0453125
0 0.159375 0.9328125 0.03125 0.034375
0 0.3859375 0.88046875 0.05 0.0484375
0 0.45390625 0.9359375 0.0453125 0.0375
0 0.3375 0.77265625 0.03125 0.0453125
0 0.1609375 0.90390625 0.05 0.0421875
0 0.5890625 0.3453125 0.034375 0.04375
0 0.70546875 0.36796875 0.0328125 0.0359375
0 0.66015625 0.36171875 0.0328125 0.0359375
0 0.98515625 0.1015625 0.0296875 0.04375