0 0.02109375 0.00625 0.0421875 0.01171875
0 0.08203125 0.01484375 0.0578125 0.0296875
0 0.0140625 0.09375 0.028125 0.059375
0 0.02109375 0.13359375 0.0421875 0.03046875
0 0.309375 0.00703125 0.0671875 0.01328125
0 0.2453125 0.028125 0.0671875 0.05546875
0 0.3515625 0.0328125 0.0875 0.065625
0 0.24921875 0.07265625 0.0421875 0.05390625
0 0.19921875 0.09296875 0.04375 0.0578125
0 0.29296875 0.10546875 0.0453125 0.07265625
0 0.25234375 0.10859375 0.04921875 0.05234375
0 0.16953125 0.13125 0.0390625 0.0453125
0 0.2109375 0.13203125 0.04375 0.0640625
0 0.146875 0.19375 0.07734375 0.0796875
0 0.2015625 0.1984375 0.07265625 0.0828125
0 0.2703125 0.1546875 0.03359375 0.0390625
0 0.1484375 0.25703125 0.07734375 0.07421875
0 0.04453125 0.31171875 0.05546875 0.103125
0 0.11484375 0.31484375 0.0671875 0.07265625
0 0.07734375 0.3359375 0.03359375 0.07421875
0 0.01640625 0.39921875 0.03203125 0.04921875
0 0.0546875 0.4 0.07265625 0.04375
0 0.04921875 0.43671875 0.03359375 0.04921875
0 0.01875 0.496875 0.0375 0.0671875
0 0.0140625 0.43828125 0.028125 0.0484375
0 0.01796875 0.93515625 0.03515625 0.07578125
0 0.0421875 0.8703125 0.084375 0.07734375
0 0.07890625 0.8171875 0.059375 0.07734375
0 0.11875 0.75703125 0.0625 0.0875
0 0.1859375 0.75625 0.08125 0.0796875
0 0.29921875 0.57734375 0.07734375 0.0640625
0 0.3265625 0.5203125 0.0859375 0.0671875
0 0.31171875 0.46484375 0.0828125 0.0875
0 0.371875 0.38203125 0.0671875 0.0609375
0 0.40234375 0.3234375 0.05390625 0.04921875
0 0.50078125 0.175 0.0453125 0.0625
0 0.58671875 0.12578125 0.0625 0.065625
0 0.68359375 0.20859375 0.0859375 0.0859375
0 0.50859375 0.28984375 0.0578125 0.04921875
0 0.7609375 0.3828125 0.05234375 0.04921875
0 0.778125 0.3546875 0.06953125 0.0671875
0 0.48359375 0.54140625 0.05234375 0.06953125
0 0.5296875 0.571875 0.0421875 0.05234375
0 0.73125 0.47578125 0.05390625 0.0828125
0 0.46015625 0.6890625 0.0625 0.040625
0 0.44921875 0.721875 0.04375 0.0421875
0 0.43046875 0.7375 0.0578125 0.0421875
0 0.4109375 0.7828125 0.07578125 0.05234375
0 0.4140625 0.8125 0.0609375 0.04765625
0 0.30078125 0.9328125 0.0609375 0.0609375
0 0.3609375 0.94765625 0.05234375 0.04375
0 0.353125 0.984375 0.053125 0.03125
0 0.64296875 0.87421875 0.0625 0.06953125
0 0.5984375 0.990625 0.0453125 0.01875
0 0.6890625 0.59453125 0.0671875 0.04765625
0 0.80625 0.54296875 0.05234375 0.05234375
0 0.79375 0.6171875 0.0875 0.0625
0 0.971875 0.43046875 0.05546875 0.0671875
0 0.9890625 0.4046875 0.021875 0.07265625
0 0.98984375 0.465625 0.0203125 0.04921875
0 0.978125 0.575 0.04375 0.0453125
0 0.9328125 0.60234375 0.0578125 0.065625
0 0.99296875 0.6140625 0.01328125 0.08984375
0 0.9796875 0.6671875 0.040625 0.0578125
0 0.92890625 0.70390625 0.0640625 0.07578125
0 0.9828125 0.728125 0.03359375 0.07734375
0 0.9734375 0.77421875 0.05234375 0.07265625
0 0.96640625 0.8234375 0.0671875 0.07578125
0 0.81875 0.04453125 0.0390625 0.059375
0 0.853125 0.04765625 0.040625 0.04375
0 0.8453125 0.0859375 0.04921875 0.05390625
0 0.07421875 0.93671875 0.0578125 0.059375