0 0.9859375 0.99140625 0.028125 0.0171875
0 0.9328125 0.98203125 0.0546875 0.03515625
0 0.9921875 0.9046875 0.015625 0.05625
0 0.98515625 0.86640625 0.02890625 0.02890625
0 0.71796875 0.990625 0.0640625 0.01875
0 0.778125 0.9703125 0.0640625 0.059375
0 0.6765625 0.965625 0.08359375 0.06875
0 0.77421875 0.92421875 0.03984375 0.0515625
0 0.821875 0.90546875 0.0421875 0.0546875
0 0.73203125 0.89296875 0.04375 0.06875
0 0.77109375 0.88984375 0.046875 0.05
0 0.85 0.86875 0.03671875 0.04375
0 0.81015625 0.86796875 0.0421875 0.0609375
0 0.87109375 0.809375 0.07421875 0.07578125
0 0.81875 0.8046875 0.06875 0.07890625
0 0.75390625 0.84609375 0.03203125 0.03671875
0 0.86953125 0.74921875 0.07421875 0.07109375
0 0.96875 0.696875 0.053125 0.0984375
0 0.9015625 0.69375 0.0640625 0.06875
0 0.9375 0.6734375 0.03203125 0.07109375
0 0.990625 0.6140625 0.01875 0.046875
0 0.959375 0.6125 0.06875 0.0421875
0 0.96484375 0.578125 0.03203125 0.046875
0 0.98828125 0.52109375 0.0234375 0.0640625
0 0.9921875 0.57578125 0.015625 0.0453125
0 0.9890625 0.1046875 0.021875 0.071875
0 0.965625 0.165625 0.06875 0.07421875
0 0.93671875 0.215625 0.05625 0.07421875
0 0.89765625 0.2734375 0.059375 0.08359375
0 0.834375 0.27421875 0.07734375 0.07578125
0 0.7265625 0.44375 0.07421875 0.0609375
0 0.7 0.4984375 0.08203125 0.0640625
0 0.71484375 0.5515625 0.07890625 0.08359375
0 0.6578125 0.63046875 0.0640625 0.0578125
0 0.62890625 0.6859375 0.0515625 0.046875
0 0.534375 0.82734375 0.04375 0.059375
0 0.45234375 0.8734375 0.059375 0.0625
0 0.3609375 0.7953125 0.08203125 0.08203125
0 0.52734375 0.71796875 0.0546875 0.046875
0 0.28671875 0.6296875 0.05 0.046875
0 0.27109375 0.65625 0.065625 0.0640625
0 0.55078125 0.478125 0.05 0.065625
0 0.50703125 0.44921875 0.03984375 0.05
0 0.31484375 0.540625 0.0515625 0.07890625
0 0.5734375 0.3375 0.059375 0.03828125
0 0.58359375 0.30625 0.0421875 0.03984375
0 0.6015625 0.2921875 0.0546875 0.03984375
0 0.61953125 0.2484375 0.07265625 0.05
0 0.6171875 0.2203125 0.0578125 0.0453125
0 0.725 0.10625 0.0578125 0.0578125
0 0.66796875 0.09140625 0.05 0.0421875
0 0.67421875 0.0515625 0.05 0.03828125
0 0.39921875 0.16171875 0.059375 0.065625
0 0.44140625 0.0359375 0.04375 0.046875
0 0.35546875 0.42734375 0.0640625 0.0453125
0 0.24375 0.4765625 0.05 0.05
0 0.25546875 0.40625 0.08359375 0.059375
0 0.08203125 0.58359375 0.0609375 0.0640625
0 0.04453125 0.60859375 0.07265625 0.06875
0 0.053125 0.55078125 0.0515625 0.046875
0 0.07578125 0.44609375 0.0515625 0.04375
0 0.1234375 0.4203125 0.0546875 0.0625
0 0.0421875 0.409375 0.0609375 0.08515625
0 0.06796875 0.35859375 0.059375 0.0546875
0 0.12734375 0.32421875 0.0609375 0.07265625
0 0.0546875 0.30078125 0.07421875 0.07421875
0 0.0625 0.25625 0.09296875 0.06875
0 0.08984375 0.21015625 0.0671875 0.07265625
0 0.23203125 0.95078125 0.03671875 0.05625
0 0.19921875 0.9484375 0.03828125 0.0421875
0 0.20625 0.91171875 0.046875 0.0515625
0 0.940625 0.10234375 0.0546875 0.05625