0 0.32265625 0.934375 0.0796875 0.0625
0 0.53125 0.92578125 0.075 0.0703125
0 0.31953125 0.475 0.0671875 0.065625
0 0.06796875 0.30234375 0.0796875 0.0796875
0 0.17578125 0.315625 0.0859375 0.084375
0 0.10234375 0.2171875 0.0953125 0.115625
0 0.5328125 0.31171875 0.05625 0.0578125
0 0.46484375 0.38203125 0.0484375 0.0515625
0 0.4359375 0.30078125 0.05625 0.0484375
0 0.08515625 0.12265625 0.0328125 0.0390625
0 0.65390625 0.30625 0.0703125 0.08125
0 0.6921875 0.55390625 0.0625 0.0671875
0 0.7703125 0.60234375 0.05625 0.0484375
0 0.9796875 0.72265625 0.040625 0.0859375
0 0.91015625 0.634375 0.0640625 0.05625
0 0.97578125 0.63828125 0.0484375 0.0765625
0 0.93671875 0.60078125 0.0578125 0.0609375
0 0.86171875 0.5578125 0.0578125 0.053125
0 0.83515625 0.52421875 0.0640625 0.0796875
0 0.896875 0.5484375 0.065625 0.071875
0 0.94296875 0.5453125 0.0671875 0.084375
0 0.7734375 0.35703125 0.084375 0.0890625
0 0.81953125 0.44140625 0.0578125 0.0796875
0 0.78359375 0.40625 0.0703125 0.0625
0 0.8484375 0.36640625 0.090625 0.1015625
0 0.89765625 0.48984375 0.0609375 0.0796875
0 0.978125 0.528125 0.04375 0.053125
0 0.9671875 0.45078125 0.065625 0.0703125
0 0.9109375 0.35234375 0.059375 0.0546875
0 0.90546875 0.41953125 0.0890625 0.1140625
0 0.97421875 0.340625 0.0515625 0.084375
0 0.96953125 0.40234375 0.0609375 0.0578125
0 0.753125 0.30859375 0.0625 0.0734375
0 0.7140625 0.2796875 0.06875 0.075
0 0.66796875 0.20703125 0.0671875 0.0671875
0 0.72109375 0.23671875 0.0453125 0.0734375
0 0.77421875 0.2546875 0.0546875 0.059375
0 0.83125 0.3109375 0.071875 0.040625
0 0.83984375 0.2609375 0.0984375 0.09375
0 0.89296875 0.275 0.0578125 0.0625
0 0.93828125 0.2828125 0.0453125 0.05
0 0.984375 0.26328125 0.03125 0.1296875
0 0.96953125 0.2234375 0.0609375 0.1
0 0.9234375 0.23515625 0.084375 0.0765625
0 0.82421875 0.1828125 0.0609375 0.053125
0 0.7859375 0.2140625 0.0625 0.071875
0 0.75234375 0.1921875 0.0953125 0.06875
0 0.775 0.15078125 0.0625 0.0671875
0 0.74375 0.10390625 0.053125 0.0578125
0 0.61875 0.04296875 0.08125 0.0578125
0 0.58359375 0.0265625 0.0984375 0.053125
0 0.70546875 0.06875 0.0890625 0.1125
0 0.75234375 0.06328125 0.0578125 0.0578125
0 0.796875 0.0859375 0.06875 0.071875
0 0.828125 0.14453125 0.059375 0.0796875
0 0.89453125 0.17890625 0.0515625 0.0671875
0 0.9515625 0.16875 0.071875 0.071875
0 0.9578125 0.09140625 0.05 0.0671875
0 0.978125 0.121875 0.04375 0.084375
0 0.878125 0.13125 0.053125 0.06875
0 0.88515625 0.0828125 0.0484375 0.05625
0 0.91796875 0.10859375 0.0484375 0.0796875
0 0.68984375 0.12734375 0.0390625 0.0453125
0 0.159375 0.0671875 0.03125 0.034375
0 0.3859375 0.11953125 0.05 0.0484375
0 0.45390625 0.0640625 0.0453125 0.0375
0 0.3375 0.22734375 0.03125 0.0453125
0 0.1609375 0.09609375 0.05 0.0421875
0 0.5890625 0.6546875 0.034375 0.04375
0 0.70546875 0.63203125 0.0328125 0.0359375
0 0.66015625 0.63828125 0.0328125 0.0359375
0 0.98515625 0.8984375 0.0296875 0.04375