0 0.3703125 0.1671875 0.06875 0.05
0 0.22109375 0.15859375 0.0484375 0.0359375
0 0.1390625 0.35078125 0.03125 0.0421875
0 0.0984375 0.321875 0.05 0.0375
0 0.0625 0.42578125 0.090625 0.0609375
0 0.03359375 0.50390625 0.0671875 0.0703125
0 0.20078125 0.5109375 0.0640625 0.071875
0 0.33984375 0.4171875 0.0484375 0.0625
0 0.43515625 0.5 0.0515625 0.04375
0 0.41484375 0.51328125 0.0359375 0.0359375
0 0.4640625 0.5515625 0.075 0.059375
0 0.53125 0.50390625 0.1 0.0640625
0 0.52734375 0.5671875 0.0640625 0.06875
0 0.49453125 0.6109375 0.0578125 0.05
0 0.4296875 0.625 0.09375 0.065625
0 0.46875 0.67890625 0.071875 0.0796875
0 0.51953125 0.6578125 0.0640625 0.053125
0 0.54921875 0.61953125 0.0609375 0.0671875
0 0.56953125 0.571875 0.0515625 0.053125
0 0.58125 0.5296875 0.040625 0.059375
0 0.15 0.6671875 0.0625 0.0625
0 0.10078125 0.6921875 0.0390625 0.040625
0 0.09765625 0.81875 0.0484375 0.071875
0 0.0515625 0.8296875 0.065625 0.065625
0 0.25234375 0.90625 0.0421875 0.059375
0 0.28359375 0.88515625 0.0390625 0.0578125
0 0.29296875 0.775 0.0515625 0.053125
0 0.3109375 0.80625 0.0375 0.040625
0 0.42578125 0.80625 0.0734375 0.0875
0 0.33828125 0.8546875 0.0890625 0.075
0 0.32421875 0.90859375 0.0671875 0.0578125
0 0.35546875 0.9734375 0.0765625 0.053125
0 0.403125 0.884375 0.053125 0.04375
0 0.459375 0.91015625 0.075 0.0578125
0 0.44140625 0.940625 0.0421875 0.040625
0 0.4171875 0.953125 0.04375 0.034375
0 0.43046875 0.98046875 0.0546875 0.0390625
0 0.49765625 0.9734375 0.0984375 0.053125
0 0.51953125 0.93046875 0.0546875 0.0421875
0 0.53828125 0.896875 0.0421875 0.03125
0 0.484375 0.84609375 0.06875 0.0828125
0 0.5140625 0.796875 0.05625 0.040625
0 0.4515625 0.73828125 0.075 0.0609375
0 0.51328125 0.75703125 0.0734375 0.0484375
0 0.58515625 0.73046875 0.0453125 0.0390625
0 0.5921875 0.69453125 0.04375 0.0390625
0 0.590625 0.61796875 0.053125 0.0546875
0 0.63203125 0.5609375 0.0640625 0.04375
0 0.61953125 0.51796875 0.0484375 0.0421875
0 0.6625 0.4984375 0.059375 0.040625
0 0.66328125 0.525 0.0484375 0.034375
0 0.70234375 0.54296875 0.0453125 0.0484375
0 0.68515625 0.58046875 0.0484375 0.0421875
0 0.7390625 0.503125 0.065625 0.053125
0 0.69765625 0.46953125 0.0578125 0.0453125
0 0.5625 0.37109375 0.0375 0.0421875
0 0.69921875 0.42578125 0.0390625 0.0359375
0 0.68046875 0.4015625 0.0671875 0.0375
0 0.7046875 0.3703125 0.065625 0.071875
0 0.75234375 0.3609375 0.0578125 0.05625
0 0.74296875 0.41640625 0.0484375 0.0484375
0 0.7765625 0.45546875 0.053125 0.0609375
0 0.78359375 0.4046875 0.0453125 0.0375
0 0.784375 0.37109375 0.03125 0.0359375
0 0.8078125 0.36015625 0.0375 0.0453125
0 0.82421875 0.41015625 0.0421875 0.0484375
0 0.8578125 0.36328125 0.04375 0.0453125
0 0.8125 0.3140625 0.040625 0.034375
0 0.79296875 0.2859375 0.0390625 0.0375
0 0.76171875 0.26328125 0.0515625 0.0453125
0 0.80859375 0.25859375 0.0515625 0.0453125
0 0.83671875 0.22265625 0.0671875 0.0609375
0 0.8859375 0.20390625 0.04375 0.0578125
0 0.88828125 0.15859375 0.0515625 0.0421875
0 0.87109375 0.1203125 0.0484375 0.040625
0 0.9203125 0.146875 0.0625 0.05625
0 0.92265625 0.196875 0.0453125 0.053125
0 0.9578125 0.2203125 0.040625 0.05
0 0.93359375 0.25703125 0.0421875 0.0484375
0 0.88203125 0.26171875 0.0484375 0.0484375
0 0.85234375 0.29765625 0.0546875 0.0578125
0 0.8921875 0.31953125 0.053125 0.0421875
0 0.971875 0.14453125 0.05625 0.0609375
0 0.9890625 0.1109375 0.021875 0.04375
0 0.96484375 0.06953125 0.0703125 0.0546875
0 0.9515625 0.04453125 0.040625 0.0453125
0 0.9171875 0.0203125 0.071875 0.040625
0 0.9671875 0.45625 0.065625 0.084375
0 0.93359375 0.484375 0.0484375 0.05
0 0.94140625 0.540625 0.0765625 0.065625
0 0.884375 0.55703125 0.04375 0.0578125
0 0.9375 0.57890625 0.053125 0.0484375
0 0.9421875 0.6234375 0.053125 0.059375
0 0.8953125 0.61015625 0.05625 0.0578125
0 0.84375 0.60078125 0.059375 0.0515625
0 0.84921875 0.6546875 0.0578125 0.08125
0 0.79453125 0.64921875 0.0421875 0.0421875
0 0.80859375 0.67890625 0.0578125 0.0421875
0 0.86875 0.71015625 0.053125 0.0515625
0 0.81953125 0.728125 0.0421875 0.06875
0 0.7921875 0.75234375 0.034375 0.0359375
0 0.76171875 0.72109375 0.0390625 0.0421875
0 0.71953125 0.74296875 0.0484375 0.0546875
0 0.74921875 0.7703125 0.0484375 0.053125
0 0.75703125 0.80390625 0.0453125 0.0578125
0 0.68515625 0.79453125 0.0390625 0.0515625
0 0.70546875 0.81875 0.0390625 0.0375
0 0.71875 0.85 0.05625 0.0625
0 0.58515625 0.8703125 0.0515625 0.05625
0 0.63125 0.88984375 0.04375 0.0578125
0 0.68515625 0.9109375 0.0640625 0.1
0 0.603125 0.11953125 0.034375 0.0265625