0 0.3203125 0.93828125 0.08046875 0.06328125
0 0.53203125 0.9296875 0.07578125 0.07109375
0 0.3171875 0.4734375 0.06796875 0.06640625
0 0.0625 0.2984375 0.08046875 0.08046875
0 0.171875 0.31171875 0.08671875 0.08515625
0 0.09765625 0.21171875 0.096875 0.1171875
0 0.53359375 0.3078125 0.05703125 0.05859375
0 0.4640625 0.37890625 0.04921875 0.05234375
0 0.43515625 0.296875 0.05703125 0.04921875
0 0.0796875 0.11640625 0.03359375 0.03984375
0 0.65546875 0.30234375 0.07109375 0.08203125
0 0.69453125 0.553125 0.06328125 0.06796875
0 0.7734375 0.60234375 0.05703125 0.04921875
0 0.98203125 0.725 0.0359375 0.0875
0 0.915625 0.634375 0.06484375 0.05703125
0 0.978125 0.6390625 0.04375 0.078125
0 0.9421875 0.60078125 0.05859375 0.06171875
0 0.86640625 0.55703125 0.05859375 0.05390625
0 0.8390625 0.52265625 0.06484375 0.08046875
0 0.9015625 0.54765625 0.06640625 0.07265625
0 0.9484375 0.54453125 0.06796875 0.08515625
0 0.7765625 0.35390625 0.08515625 0.08984375
0 0.8234375 0.4390625 0.05859375 0.08046875
0 0.7875 0.403125 0.07109375 0.06328125
0 0.853125 0.36328125 0.09140625 0.103125
0 0.90234375 0.48828125 0.06171875 0.08046875
0 0.98046875 0.52734375 0.0390625 0.0546875
0 0.96953125 0.44921875 0.0609375 0.0703125
0 0.91640625 0.34921875 0.06015625 0.05546875
0 0.9109375 0.4171875 0.08984375 0.115625
0 0.9765625 0.3375 0.046875 0.084375
0 0.971875 0.4 0.05625 0.059375
0 0.75625 0.3046875 0.06328125 0.07421875
0 0.71640625 0.275 0.06953125 0.07578125
0 0.6703125 0.2015625 0.06796875 0.06796875
0 0.72421875 0.23203125 0.04609375 0.07421875
0 0.77734375 0.25 0.05546875 0.06015625
0 0.83515625 0.30703125 0.07265625 0.04140625
0 0.84453125 0.25625 0.1 0.0953125
0 0.89765625 0.2703125 0.05859375 0.06328125
0 0.94375 0.278125 0.04609375 0.05078125
0 0.9875 0.25859375 0.025 0.13125
0 0.971875 0.21796875 0.05625 0.1015625
0 0.92890625 0.23046875 0.08515625 0.07734375
0 0.828125 0.17734375 0.06171875 0.05390625
0 0.78984375 0.20859375 0.06328125 0.07265625
0 0.75546875 0.18671875 0.096875 0.06953125
0 0.778125 0.14453125 0.06328125 0.06796875
0 0.746875 0.09765625 0.05390625 0.05859375
0 0.6203125 0.0359375 0.08203125 0.05859375
0 0.584375 0.0234375 0.1 0.046875
0 0.7078125 0.06171875 0.08984375 0.1140625
0 0.75546875 0.05625 0.05859375 0.05859375
0 0.80078125 0.07890625 0.06953125 0.07265625
0 0.83203125 0.13828125 0.06015625 0.08046875
0 0.89921875 0.1734375 0.05234375 0.06796875
0 0.95703125 0.16328125 0.07265625 0.07265625
0 0.96328125 0.084375 0.05078125 0.06796875
0 0.98046875 0.11640625 0.0390625 0.0859375
0 0.8828125 0.125 0.05390625 0.06953125
0 0.88984375 0.07578125 0.04921875 0.05703125
0 0.9234375 0.10234375 0.04921875 0.08046875
0 0.6921875 0.12109375 0.03984375 0.04609375
0 0.1546875 0.06015625 0.03203125 0.03515625
0 0.384375 0.11328125 0.05078125 0.04921875
0 0.453125 0.05703125 0.04609375 0.03828125
0 0.33515625 0.22265625 0.03203125 0.04609375
0 0.15703125 0.0890625 0.05078125 0.04296875
0 0.58984375 0.6546875 0.03515625 0.04453125
0 0.7078125 0.63203125 0.03359375 0.03671875
0 0.6625 0.63828125 0.03359375 0.03671875
0 0.98828125 0.9015625 0.0234375 0.04453125