0 0.0375 0.27265625 0.075 0.1078125
0 0.02890625 0.3578125 0.0578125 0.071875
0 0.06640625 0.34140625 0.0578125 0.0796875
0 0.08203125 0.42890625 0.0953125 0.0984375
0 0.1046875 0.48359375 0.034375 0.0359375
0 0.06875 0.56328125 0.05 0.0578125
0 0.115625 0.62109375 0.059375 0.0953125
0 0.10546875 0.83515625 0.0421875 0.0421875
0 0.11953125 0.8921875 0.0484375 0.05
0 0.08203125 0.91796875 0.0359375 0.0265625
0 0.0765625 0.878125 0.034375 0.040625
0 0.04296875 0.94375 0.0671875 0.0375
0 0.1796875 0.82734375 0.0625 0.0578125
0 0.21015625 0.853125 0.0453125 0.0625
0 0.2703125 0.89921875 0.053125 0.0515625
0 0.33203125 0.9046875 0.0296875 0.028125
0 0.28515625 0.96015625 0.0703125 0.0578125
0 0.23046875 0.96328125 0.0578125 0.0671875
0 0.38203125 0.87109375 0.0453125 0.0484375
0 0.41484375 0.89765625 0.0671875 0.0484375
0 0.41015625 0.8015625 0.0953125 0.065625
0 0.42890625 0.73671875 0.0421875 0.0515625
0 0.46875 0.71875 0.05625 0.053125
0 0.44140625 0.8484375 0.0609375 0.053125
0 0.49140625 0.84140625 0.0484375 0.0828125
0 0.4921875 0.9203125 0.0625 0.065625
0 0.671875 0.925 0.059375 0.071875
0 0.74375 0.79609375 0.040625 0.0484375
0 0.74140625 0.728125 0.0421875 0.0375
0 0.67890625 0.5875 0.0765625 0.0625
0 0.73671875 0.64453125 0.0359375 0.0546875
0 0.61875 0.4359375 0.08125 0.0875
0 0.52265625 0.3828125 0.0546875 0.053125
0 0.55859375 0.35 0.0578125 0.05625
0 0.3296875 0.259375 0.034375 0.034375
0 0.18046875 0.30234375 0.0671875 0.0796875
0 0.15859375 0.19296875 0.0515625 0.0578125
0 0.1703125 0.1140625 0.059375 0.053125
0 0.21953125 0.03984375 0.0765625 0.0796875
0 0.5546875 0.04296875 0.06875 0.0859375
0 0.63359375 0.0609375 0.1046875 0.121875
0 0.63671875 0.1828125 0.0671875 0.0625
0 0.6703125 0.234375 0.04375 0.065625
0 0.6046875 0.26953125 0.096875 0.1109375
0 0.53203125 0.29296875 0.0578125 0.0703125
0 0.40234375 0.25 0.0515625 0.053125
0 0.340625 0.1734375 0.021875 0.025
0 0.46328125 0.3265625 0.0765625 0.08125
0 0.390625 0.3546875 0.096875 0.0875
0 0.890625 0.0828125 0.071875 0.084375
0 0.978125 0.13125 0.04375 0.09375
0 0.81796875 0.22734375 0.0671875 0.1046875
0 0.85 0.3078125 0.0625 0.075
0 0.8265625 0.38203125 0.08125 0.0765625
0 0.803125 0.42890625 0.05625 0.0453125
0 0.87734375 0.5484375 0.0796875 0.0625
0 0.9390625 0.55078125 0.05625 0.0703125
0 0.97421875 0.5375 0.0515625 0.075
0 0.9546875 0.6390625 0.03125 0.034375
0 0.9015625 0.66328125 0.03125 0.0265625
0 0.87578125 0.68515625 0.0171875 0.0203125
0 0.83984375 0.68046875 0.0265625 0.0203125
0 0.9734375 0.72890625 0.053125 0.0671875
0 0.9625 0.77890625 0.03125 0.0359375
0 0.92890625 0.7859375 0.0421875 0.05625
0 0.875 0.85 0.028125 0.0375
0 0.90078125 0.83671875 0.0265625 0.0296875
0 0.984375 0.83828125 0.028125 0.0359375
0 0.9890625 0.803125 0.021875 0.04375
0 0.93828125 0.8453125 0.0359375 0.028125
0 0.9734375 0.96171875 0.053125 0.0640625
0 0.77421875 0.23203125 0.0421875 0.0703125