0 0.03203125 0.7625 0.0640625 0.115625
0 0.0234375 0.67109375 0.046875 0.0765625
0 0.05546875 0.68828125 0.06171875 0.084375
0 0.071875 0.5953125 0.1015625 0.1046875
0 0.09609375 0.5375 0.03671875 0.03828125
0 0.0578125 0.45234375 0.053125 0.06171875
0 0.1078125 0.39140625 0.06328125 0.1015625
0 0.096875 0.16328125 0.04453125 0.04453125
0 0.1125 0.103125 0.0515625 0.053125
0 0.071875 0.07578125 0.03828125 0.028125
0 0.06640625 0.11796875 0.03671875 0.04296875
0 0.03359375 0.0484375 0.06640625 0.03984375
0 0.17578125 0.171875 0.06640625 0.06171875
0 0.20859375 0.14453125 0.0484375 0.06640625
0 0.27265625 0.0953125 0.05625 0.0546875
0 0.33828125 0.08984375 0.03125 0.0296875
0 0.2875 0.03125 0.075 0.0625
0 0.22890625 0.03203125 0.0609375 0.0640625
0 0.39140625 0.12578125 0.0484375 0.0515625
0 0.42578125 0.096875 0.07109375 0.0515625
0 0.42109375 0.19921875 0.1015625 0.06953125
0 0.44140625 0.26796875 0.04453125 0.0546875
0 0.48359375 0.2875 0.06015625 0.05625
0 0.4546875 0.14921875 0.06484375 0.05625
0 0.5078125 0.15703125 0.0515625 0.08828125
0 0.50859375 0.0734375 0.06640625 0.06953125
0 0.69921875 0.06796875 0.06328125 0.0765625
0 0.77578125 0.20546875 0.04296875 0.0515625
0 0.7734375 0.27734375 0.04453125 0.03984375
0 0.70703125 0.4265625 0.08125 0.06640625
0 0.76796875 0.36640625 0.03828125 0.0578125
0 0.64296875 0.58828125 0.08671875 0.09296875
0 0.540625 0.64453125 0.0578125 0.05625
0 0.57890625 0.6796875 0.06171875 0.06015625
0 0.3359375 0.77578125 0.03671875 0.03671875
0 0.1765625 0.7296875 0.07109375 0.084375
0 0.15390625 0.84609375 0.0546875 0.06171875
0 0.16640625 0.93046875 0.06328125 0.05625
0 0.21875 0.98359375 0.08125 0.0328125
0 0.575 0.9796875 0.0734375 0.03984375
0 0.65859375 0.9609375 0.1109375 0.078125
0 0.66171875 0.85703125 0.07109375 0.06640625
0 0.69765625 0.80234375 0.046875 0.06953125
0 0.628125 0.76484375 0.103125 0.11796875
0 0.55078125 0.73984375 0.06171875 0.075
0 0.4125 0.7859375 0.0546875 0.05625
0 0.346875 0.8671875 0.0234375 0.0265625
0 0.47734375 0.7046875 0.08125 0.08671875
0 0.4 0.67421875 0.103125 0.09296875
0 0.93203125 0.959375 0.0765625 0.08125
0 0.8546875 0.81015625 0.07109375 0.1109375
0 0.8890625 0.72421875 0.06640625 0.0796875
0 0.8640625 0.6453125 0.08671875 0.08125
0 0.8390625 0.5953125 0.06015625 0.0484375
0 0.91796875 0.46875 0.084375 0.06640625
0 0.9765625 0.465625 0.046875 0.075
0 0.99140625 0.371875 0.01640625 0.03671875
0 0.94375 0.34609375 0.03359375 0.028125
0 0.91640625 0.3234375 0.01796875 0.021875
0 0.878125 0.328125 0.028125 0.021875
0 0.9953125 0.22421875 0.009375 0.0390625
0 0.97265625 0.215625 0.04453125 0.06015625
0 0.915625 0.14765625 0.0296875 0.03984375
0 0.94296875 0.16171875 0.028125 0.03125
0 0.98125 0.15390625 0.0375 0.0296875
0 0.8078125 0.8046875 0.04453125 0.075