0 0.0875 0.03125 0.17421875 0.0625
0 0.11875 0.103125 0.07421875 0.078125
0 0.0421875 0.0984375 0.084375 0.09453125
0 0.01875 0.17265625 0.0375 0.078125
0 0.00703125 0.24609375 0.01328125 0.07421875
0 0.06953125 0.30390625 0.1015625 0.1203125
0 0.009375 0.33046875 0.01875 0.0984375
0 0.0375 0.40859375 0.06796875 0.0984375
0 0.0171875 0.49921875 0.03359375 0.21171875
0 0.0484375 0.4921875 0.07265625 0.0765625
0 0.1109375 0.53828125 0.0828125 0.103125
0 0.0640625 0.609375 0.09140625 0.1375
0 0.0984375 0.684375 0.12890625 0.078125
0 0.03671875 0.73984375 0.07265625 0.1
0 0.11171875 0.7828125 0.159375 0.12890625
0 0.01171875 0.915625 0.0234375 0.0578125
0 0.02421875 0.96328125 0.0484375 0.0703125
0 0.1484375 0.96875 0.0828125 0.0625
0 0.20625 0.91796875 0.103125 0.096875
0 0.2640625 0.9703125 0.1359375 0.059375
0 0.27109375 0.86640625 0.0578125 0.0578125
0 0.26328125 0.7859375 0.1234375 0.09296875
0 0.203125 0.71953125 0.0984375 0.103125
0 0.20703125 0.60859375 0.1015625 0.08828125
0 0.26015625 0.66953125 0.10703125 0.06796875
0 0.26171875 0.71328125 0.02890625 0.04375
0 0.29296875 0.72109375 0.07421875 0.0625
0 0.35234375 0.75 0.08125 0.0625
0 0.41796875 0.69296875 0.08984375 0.07109375
0 0.36953125 0.64296875 0.12578125 0.14375
0 0.29765625 0.8875 0.04609375 0.0421875
0 0.3703125 0.8703125 0.0390625 0.04609375
0 0.3390625 0.9140625 0.0578125 0.0828125
0 0.34609375 0.81015625 0.0578125 0.08125
0 0.39921875 0.82890625 0.06953125 0.078125
0 0.3921875 0.88671875 0.05234375 0.040625
0 0.40078125 0.93828125 0.0625 0.08671875
0 0.38046875 0.97265625 0.10703125 0.05390625
0 0.45546875 0.96015625 0.08984375 0.06640625
0 0.4625 0.89140625 0.07109375 0.06796875
0 0.42421875 0.75859375 0.0828125 0.0625
0 0.44453125 0.8015625 0.0625 0.0578125
0 0.503125 0.7921875 0.0609375 0.0390625
0 0.5078125 0.82421875 0.06640625 0.059375
0 0.50703125 0.86875 0.04375 0.05234375
0 0.5515625 0.82734375 0.04921875 0.0578125
0 0.5828125 0.8078125 0.04765625 0.05234375
0 0.609375 0.7859375 0.0421875 0.0359375
0 0.62421875 0.771875 0.0421875 0.0390625
0 0.646875 0.7515625 0.04921875 0.0421875
0 0.68125 0.728125 0.0578125 0.0421875
0 0.771875 0.7390625 0.0390625 0.0609375
0 0.79375 0.5875 0.05234375 0.05625
0 0.50625 0.53125 0.04921875 0.04921875
0 0.45546875 0.52421875 0.08671875 0.103125
0 0.3359375 0.5140625 0.1015625 0.08671875
0 0.18359375 0.49609375 0.0796875 0.08671875
0 0.259375 0.47578125 0.078125 0.096875
0 0.15234375 0.4203125 0.1015625 0.06796875
0 0.128125 0.3421875 0.06953125 0.05390625
0 0.17109375 0.30625 0.05390625 0.0625
0 0.109375 0.18828125 0.07265625 0.06796875
0 0.159375 0.18046875 0.08125 0.07265625
0 0.140625 0.24609375 0.05390625 0.078125
0 0.21640625 0.2234375 0.0828125 0.08125
0 0.2515625 0.1515625 0.13359375 0.13046875
0 0.27109375 0.2734375 0.0640625 0.08671875
0 0.22734375 0.29140625 0.05390625 0.078125
0 0.1859375 0.35546875 0.05234375 0.06953125
0 0.25234375 0.39609375 0.09140625 0.07265625
0 0.37578125 0.45859375 0.12734375 0.14375
0 0.4265625 0.403125 0.13046875 0.09140625
0 0.3484375 0.284375 0.096875 0.08125
0 0.3421875 0.22109375 0.09140625 0.04609375
0 0.409375 0.27421875 0.06640625 0.08828125
0 0.33359375 0.12109375 0.078125 0.08671875
0 0.38828125 0.078125 0.0578125 0.07109375
0 0.33671875 0.03671875 0.059375 0.07265625
0 0.39921875 0.01640625 0.10703125 0.03203125
0 0.4375 0.05234375 0.09140625 0.07109375
0 0.4890625 0.00859375 0.08984375 0.0171875
0 0.5625 0.0640625 0.146875 0.128125
0 0.4515625 0.13203125 0.08671875 0.08125
0 0.490625 0.18984375 0.10703125 0.0640625
0 0.4890625 0.24296875 0.09296875 0.06953125
0 0.553125 0.14609375 0.0828125 0.0578125
0 0.5875 0.20390625 0.0765625 0.0828125
0 0.65234375 0.15078125 0.078125 0.09140625
0 0.72578125 0.121875 0.0375 0.0375
0 0.88984375 0.09296875 0.03359375 0.0375
0 0.9328125 0.02734375 0.1203125 0.05390625
0 0.95390625 0.12734375 0.05390625 0.0640625
0 0.9140625 0.15546875 0.0421875 0.0625
0 0.86640625 0.19453125 0.04765625 0.0578125
0 0.81640625 0.23125 0.0421875 0.04921875
0 0.796875 0.34375 0.09140625 0.09453125
0 0.69453125 0.25 0.06796875 0.11328125
0 0.66015625 0.27265625 0.06953125 0.0578125
0 0.61171875 0.25 0.0640625 0.0796875
0 0.68046875 0.32109375 0.05234375 0.07265625
0 0.62421875 0.3328125 0.09296875 0.1171875
0 0.5640625 0.3734375 0.06796875 0.05625
0 0.584375 0.4421875 0.10546875 0.10546875
0 0.665625 0.4 0.08984375 0.078125
0 0.6828125 0.45859375 0.09453125 0.06640625
0 0.50234375 0.45859375 0.06640625 0.08671875
0 0.55078125 0.49921875 0.07109375 0.059375
0 0.85 0.5078125 0.0359375 0.0359375
0 0.88125 0.52109375 0.03359375 0.04609375
0 0.96015625 0.48046875 0.04609375 0.05234375
0 0.815625 0.63203125 0.04765625 0.040625
0 0.8640625 0.66875 0.09140625 0.09296875
0 0.95390625 0.67890625 0.04375 0.059375
0 0.8921875 0.721875 0.06640625 0.0609375
0 0.834375 0.784375 0.06953125 0.09453125
0 0.909375 0.84296875 0.08671875 0.08671875
0 0.92734375 0.9265625 0.04375 0.0390625
0 0.7875 0.9234375 0.08671875 0.05390625
0 0.67265625 0.89296875 0.07109375 0.0578125
0 0.703125 0.9484375 0.06796875 0.05625
0 0.68203125 0.9765625 0.0890625 0.046875
0 0.6140625 0.984375 0.059375 0.03046875
0 0.88046875 0.984375 0.06640625 0.03046875
0 0.98671875 0.215625 0.0265625 0.109375
0 0.9640625 0.29375 0.07109375 0.0828125
0 0.18359375 0.821875 0.0765625 0.09140625