0 0.96484375 0.7390625 0.06953125 0.11171875
0 0.97421875 0.65078125 0.0515625 0.075
0 0.9390625 0.66796875 0.06015625 0.0828125
0 0.92265625 0.57734375 0.09921875 0.10234375
0 0.89921875 0.5203125 0.0359375 0.0375
0 0.93671875 0.4375 0.0515625 0.06015625
0 0.88828125 0.37734375 0.06171875 0.09921875
0 0.8984375 0.1546875 0.04375 0.04375
0 0.88359375 0.09609375 0.05 0.0515625
0 0.92265625 0.06875 0.0375 0.02734375
0 0.92890625 0.11015625 0.0359375 0.0421875
0 0.96328125 0.0421875 0.06953125 0.0390625
0 0.82109375 0.16328125 0.06484375 0.06015625
0 0.78984375 0.13671875 0.046875 0.06484375
0 0.72734375 0.08828125 0.05546875 0.05390625
0 0.66328125 0.0828125 0.03046875 0.02890625
0 0.71171875 0.028125 0.0734375 0.05625
0 0.76953125 0.02890625 0.0609375 0.0578125
0 0.6109375 0.11796875 0.046875 0.05
0 0.57734375 0.08984375 0.06953125 0.05
0 0.58203125 0.18984375 0.09921875 0.06796875
0 0.5625 0.25703125 0.04375 0.05390625
0 0.52109375 0.27578125 0.05859375 0.05546875
0 0.54921875 0.14140625 0.06328125 0.05546875
0 0.49765625 0.1484375 0.05 0.0859375
0 0.496875 0.06640625 0.06484375 0.06796875
0 0.31015625 0.06171875 0.06171875 0.075
0 0.23515625 0.1953125 0.0421875 0.05
0 0.2375 0.26640625 0.04375 0.0390625
0 0.303125 0.4125 0.0796875 0.06484375
0 0.24296875 0.353125 0.0375 0.05703125
0 0.365625 0.56953125 0.084375 0.090625
0 0.46484375 0.625 0.05703125 0.05546875
0 0.428125 0.659375 0.06015625 0.05859375
0 0.665625 0.753125 0.0359375 0.0359375
0 0.8203125 0.70859375 0.06953125 0.0828125
0 0.84296875 0.821875 0.05390625 0.06015625
0 0.83125 0.90390625 0.06171875 0.05546875
0 0.78046875 0.9703125 0.0796875 0.059375
0 0.43203125 0.96640625 0.07109375 0.06640625
0 0.35078125 0.9484375 0.1078125 0.103125
0 0.346875 0.8328125 0.06953125 0.06484375
0 0.31171875 0.77890625 0.0453125 0.06796875
0 0.3796875 0.74296875 0.10078125 0.115625
0 0.45546875 0.71796875 0.06015625 0.0734375
0 0.58984375 0.76328125 0.05390625 0.05546875
0 0.65390625 0.8421875 0.02265625 0.02578125
0 0.5265625 0.68359375 0.0796875 0.084375
0 0.60234375 0.65390625 0.10078125 0.090625
0 0.0828125 0.93671875 0.075 0.0875
0 0.0078125 0.8875 0.015625 0.096875
0 0.15859375 0.78671875 0.06953125 0.10859375
0 0.125 0.703125 0.06484375 0.078125
0 0.14921875 0.62578125 0.084375 0.0796875
0 0.1734375 0.57734375 0.05859375 0.046875
0 0.096875 0.453125 0.0828125 0.06484375
0 0.0328125 0.45078125 0.05859375 0.0734375
0 0.01171875 0.4640625 0.02265625 0.078125
0 0.01640625 0.35859375 0.0328125 0.0359375
0 0.07109375 0.33359375 0.0328125 0.02734375
0 0.0984375 0.3109375 0.01796875 0.02109375
0 0.1359375 0.315625 0.02734375 0.02109375
0 0.0125 0.265625 0.02421875 0.06953125
0 0.0125 0.21328125 0.02421875 0.0375
0 0.04296875 0.20625 0.04375 0.05859375
0 0.09921875 0.13984375 0.02890625 0.0390625
0 0.071875 0.153125 0.02734375 0.03046875
0 0.03359375 0.14453125 0.0375 0.02890625
0 0.01328125 0.02890625 0.0234375 0.0578125
0 0.20390625 0.78203125 0.04375 0.0734375