0 0.0171875 0.88046875 0.034375 0.11796875
0 0.06484375 0.9484375 0.1296875 0.065625
0 0.0890625 0.9875 0.13984375 0.02421875
0 0.18515625 0.9890625 0.1203125 0.021875
0 0.146875 0.51328125 0.11796875 0.12265625
0 0.26484375 0.4703125 0.07578125 0.0625
0 0.37109375 0.61640625 0.04296875 0.05
0 0.40625 0.66484375 0.06953125 0.0671875
0 0.4609375 0.725 0.03984375 0.04140625
0 0.48671875 0.76875 0.05703125 0.03984375
0 0.53046875 0.8234375 0.05703125 0.0484375
0 0.5640625 0.86875 0.0484375 0.04140625
0 0.59609375 0.9046875 0.05390625 0.065625
0 0.64296875 0.9578125 0.05390625 0.0640625
0 0.6703125 0.98359375 0.05703125 0.0328125
0 0.02578125 0.27578125 0.0515625 0.13984375
0 0.06796875 0.24765625 0.1359375 0.1203125
0 0.03984375 0.13203125 0.0796875 0.08125
0 0.06640625 0.1921875 0.12265625 0.0625
0 0.12890625 0.1921875 0.13984375 0.1
0 0.25703125 0.190625 0.12265625 0.1140625
0 0.32421875 0.14609375 0.13984375 0.115625
0 0.39296875 0.07109375 0.1484375 0.1421875
0 0.09765625 0.11953125 0.13671875 0.07578125
0 0.14765625 0.09140625 0.0640625 0.0796875
0 0.01328125 0.075 0.02578125 0.0671875
0 0.034375 0.06328125 0.06875 0.0546875
0 0.03671875 0.02578125 0.07265625 0.0515625
0 0.0921875 0.053125 0.0984375 0.10546875
0 0.16875 0.03125 0.12265625 0.0625
0 0.1859375 0.075 0.078125 0.078125
0 0.25859375 0.08515625 0.12265625 0.09375
0 0.27265625 0.03515625 0.0796875 0.0703125
0 0.2578125 0.00703125 0.0828125 0.0140625
0 0.30546875 0.01328125 0.05390625 0.02578125
0 0.42265625 0.01640625 0.15078125 0.0328125
0 0.03828125 0.9828125 0.07578125 0.034375