0 0.9484375 0.8234375 0.0875 0.10625
0 0.8796875 0.884375 0.121875 0.059375
0 0.9375 0.96640625 0.1 0.0671875
0 0.85546875 0.9546875 0.1265625 0.090625
0 0.96875 0.90390625 0.0625 0.1109375
0 0.76796875 0.95546875 0.1078125 0.0890625
0 0.803125 0.49140625 0.10625 0.1109375
0 0.696875 0.453125 0.06875 0.05625
0 0.60078125 0.58515625 0.0390625 0.0453125
0 0.56875 0.62890625 0.0625 0.0609375
0 0.51953125 0.6828125 0.0359375 0.0375
0 0.49609375 0.72265625 0.0515625 0.0359375
0 0.45703125 0.771875 0.0515625 0.04375
0 0.4265625 0.8125 0.04375 0.0375
0 0.39765625 0.8453125 0.0484375 0.059375
0 0.35546875 0.89296875 0.0484375 0.0578125
0 0.33046875 0.93046875 0.0515625 0.0578125
0 0.2953125 0.978125 0.053125 0.04375
0 0.94453125 0.27734375 0.1109375 0.1265625
0 0.96484375 0.1859375 0.0703125 0.075
0 0.90625 0.25078125 0.1875 0.1078125
0 0.9671875 0.13828125 0.065625 0.0703125
0 0.9171875 0.14765625 0.10625 0.0734375
0 0.87578125 0.2015625 0.1109375 0.05625
0 0.81953125 0.2015625 0.1265625 0.090625
0 0.70390625 0.2 0.1109375 0.103125
0 0.64296875 0.16015625 0.1265625 0.1046875
0 0.58125 0.0890625 0.134375 0.134375
0 0.84765625 0.1359375 0.1234375 0.06875
0 0.80234375 0.1109375 0.0578125 0.071875
0 0.97734375 0.09765625 0.0453125 0.0515625
0 0.9421875 0.09609375 0.059375 0.0609375
0 0.91015625 0.084375 0.0734375 0.05
0 0.91015625 0.05078125 0.0796875 0.0484375
0 0.85234375 0.0640625 0.0890625 0.11875
0 0.9703125 0.04375 0.059375 0.0875
0 0.92109375 0.01796875 0.0765625 0.0359375
0 0.78359375 0.0421875 0.1109375 0.084375
0 0.76796875 0.09609375 0.0703125 0.0703125
0 0.70234375 0.1046875 0.1109375 0.084375
0 0.6890625 0.05859375 0.071875 0.0640625
0 0.703125 0.0203125 0.075 0.040625
0 0.66015625 0.02890625 0.0484375 0.0453125
0 0.03359375 0.021875 0.0671875 0.04375
0 0.55390625 0.02890625 0.1359375 0.0578125
0 0.9046875 0.928125 0.075 0.05625