0 0.971875 0.9125 0.05546875 0.1203125
0 0.88125 0.93359375 0.1625 0.1328125
0 0.85078125 0.82890625 0.06953125 0.07265625
0 0.92578125 0.83359375 0.0859375 0.0890625
0 0.96328125 0.76328125 0.07265625 0.07265625
0 0.97421875 0.6953125 0.05078125 0.06953125
0 0.896875 0.640625 0.0953125 0.1125
0 0.971875 0.615625 0.05546875 0.0921875
0 0.92734375 0.54296875 0.06328125 0.0921875
0 0.96484375 0.4578125 0.06953125 0.1984375
0 0.91640625 0.4640625 0.06796875 0.07109375
0 0.8578125 0.42109375 0.078125 0.096875
0 0.9015625 0.3546875 0.0859375 0.12890625
0 0.86953125 0.284375 0.1203125 0.07265625
0 0.9359375 0.2328125 0.084375 0.09375
0 0.85703125 0.1921875 0.14921875 0.1203125
0 0.96953125 0.06796875 0.06015625 0.05390625
0 0.9578125 0.028125 0.084375 0.05546875
0 0.8234375 0.02421875 0.078125 0.0484375
0 0.76875 0.065625 0.096875 0.090625
0 0.71484375 0.02265625 0.1265625 0.0453125
0 0.7078125 0.1140625 0.05390625 0.05390625
0 0.71484375 0.18984375 0.115625 0.0875
0 0.77109375 0.2515625 0.0921875 0.096875
0 0.76796875 0.35546875 0.0953125 0.0828125
0 0.71796875 0.2984375 0.1 0.06328125
0 0.71640625 0.25703125 0.02734375 0.04140625
0 0.6875 0.25 0.06953125 0.05859375
0 0.63203125 0.22265625 0.0765625 0.05859375
0 0.5703125 0.2765625 0.084375 0.06640625
0 0.615625 0.32265625 0.1171875 0.13515625
0 0.68359375 0.09453125 0.04296875 0.03984375
0 0.61484375 0.11015625 0.03671875 0.04296875
0 0.64453125 0.06875 0.05390625 0.078125
0 0.63828125 0.16640625 0.05390625 0.0765625
0 0.58828125 0.14921875 0.06484375 0.07265625
0 0.59453125 0.0953125 0.04921875 0.03828125
0 0.58671875 0.046875 0.05859375 0.08125
0 0.60625 0.0203125 0.1 0.040625
0 0.5359375 0.02890625 0.084375 0.05703125
0 0.52890625 0.090625 0.06640625 0.06328125
0 0.5640625 0.21484375 0.078125 0.05859375
0 0.5453125 0.17421875 0.05859375 0.05390625
0 0.490625 0.18359375 0.05703125 0.03671875
0 0.48671875 0.153125 0.06171875 0.05546875
0 0.4875 0.11171875 0.04140625 0.04921875
0 0.4453125 0.15078125 0.04609375 0.05390625
0 0.415625 0.16875 0.04453125 0.04921875
0 0.39140625 0.18984375 0.03984375 0.03359375
0 0.37734375 0.20234375 0.03984375 0.03671875
0 0.35625 0.22109375 0.04609375 0.03984375
0 0.3234375 0.24375 0.05390625 0.03984375
0 0.2390625 0.23359375 0.03671875 0.05703125
0 0.21796875 0.37578125 0.04921875 0.05234375
0 0.48828125 0.428125 0.04609375 0.04609375
0 0.5359375 0.434375 0.08125 0.096875
0 0.64765625 0.44375 0.0953125 0.08125
0 0.78984375 0.4609375 0.07421875 0.08125
0 0.71875 0.48046875 0.07265625 0.090625
0 0.81875 0.53203125 0.0953125 0.06328125
0 0.8421875 0.6046875 0.06484375 0.05078125
0 0.8015625 0.6390625 0.05078125 0.05859375
0 0.859375 0.74921875 0.06796875 0.06328125
0 0.8125 0.75625 0.0765625 0.06796875
0 0.83046875 0.6953125 0.05078125 0.07265625
0 0.759375 0.715625 0.078125 0.0765625
0 0.7265625 0.78359375 0.12578125 0.121875
0 0.7078125 0.66875 0.06015625 0.08125
0 0.74921875 0.65234375 0.05078125 0.07265625
0 0.78828125 0.59296875 0.04921875 0.06484375
0 0.72578125 0.5546875 0.0859375 0.06796875
0 0.61015625 0.49609375 0.11875 0.13515625
0 0.5625 0.54765625 0.121875 0.0859375
0 0.6359375 0.65859375 0.090625 0.0765625
0 0.64140625 0.71796875 0.0859375 0.04296875
0 0.57890625 0.66796875 0.06171875 0.0828125
0 0.64921875 0.81171875 0.07265625 0.08125
0 0.5984375 0.85234375 0.05390625 0.06640625
0 0.646875 0.89296875 0.05546875 0.07109375
0 0.66953125 0.9421875 0.05078125 0.04609375
0 0.73046875 0.9765625 0.0609375 0.046875
0 0.68203125 0.98125 0.0546875 0.0375
0 0.64765625 0.98046875 0.0703125 0.0390625
0 0.52265625 0.9734375 0.07109375 0.05234375
0 0.58828125 0.93359375 0.1 0.0765625
0 0.55234375 0.8765625 0.0859375 0.06640625
0 0.50390625 0.9421875 0.084375 0.06484375
0 0.434375 0.88671875 0.13828125 0.16328125
0 0.5390625 0.8015625 0.08125 0.0765625
0 0.50234375 0.74765625 0.1 0.06015625
0 0.50390625 0.69765625 0.0875 0.06484375
0 0.44375 0.7890625 0.078125 0.05390625
0 0.41171875 0.734375 0.07109375 0.078125
0 0.35078125 0.784375 0.07265625 0.0859375
0 0.2828125 0.8109375 0.03515625 0.03515625
0 0.12890625 0.83828125 0.03203125 0.03515625
0 0.08828125 0.9296875 0.1125 0.109375
0 0.0265625 0.9765625 0.05 0.046875
0 0.025 0.9296875 0.05 0.096875
0 0.00625 0.8390625 0.0125 0.04609375
0 0.06796875 0.80625 0.05078125 0.06015625
0 0.10546875 0.78046875 0.03984375 0.05859375
0 0.15078125 0.74296875 0.04453125 0.05390625
0 0.19765625 0.70859375 0.03984375 0.04609375
0 0.215625 0.603125 0.0859375 0.0890625
0 0.3109375 0.69140625 0.06328125 0.10625
0 0.34375 0.66953125 0.06484375 0.05390625
0 0.3890625 0.69140625 0.06015625 0.07421875
0 0.32421875 0.62421875 0.04921875 0.06796875
0 0.37734375 0.61328125 0.0875 0.109375
0 0.43359375 0.57578125 0.06328125 0.05234375
0 0.4140625 0.5109375 0.0984375 0.0984375
0 0.3390625 0.55078125 0.084375 0.07265625
0 0.321875 0.49609375 0.0890625 0.06171875
0 0.49140625 0.49609375 0.06171875 0.08125
0 0.44609375 0.4578125 0.06640625 0.05546875
0 0.165625 0.45 0.03359375 0.03359375
0 0.13671875 0.4375 0.03203125 0.04296875
0 0.0625 0.47578125 0.04296875 0.04921875
0 0.1984375 0.33359375 0.04453125 0.03828125
0 0.15234375 0.29921875 0.0859375 0.0875
0 0.06796875 0.28984375 0.04140625 0.05546875
0 0.1265625 0.24921875 0.06171875 0.05703125
0 0.18046875 0.190625 0.06484375 0.0890625
0 0.11015625 0.1359375 0.08125 0.08125
0 0.009375 0.19375 0.01875 0.04453125
0 0.09375 0.0578125 0.04140625 0.03671875
0 0.22421875 0.06015625 0.08125 0.05078125
0 0.33203125 0.0890625 0.06640625 0.05390625
0 0.303125 0.0375 0.06328125 0.05234375
0 0.32265625 0.01640625 0.0828125 0.0328125
0 0.38671875 0.00859375 0.05546875 0.0171875
0 0.1375 0.00859375 0.06171875 0.0171875
0 0.025 0.7234375 0.05 0.103125
0 0.053125 0.65 0.078125 0.078125
0 0.01484375 0.64375 0.0296875 0.0875
0 0.78984375 0.15546875 0.07109375 0.0859375