0 0.9578125 0.234375 0.084375 0.1421875
0 0.82890625 0.09375 0.1375 0.11015625
0 0.775 0.02890625 0.0859375 0.0578125
0 0.72890625 0.1328125 0.10078125 0.11796875
0 0.5390625 0.11015625 0.0875 0.09609375
0 0.503125 0.05859375 0.0703125 0.075
0 0.41328125 0.059375 0.04609375 0.0734375
0 0.37265625 0.09375 0.059375 0.059375
0 0.38671875 0.15234375 0.0734375 0.071875
0 0.478125 0.16875 0.078125 0.08125
0 0.52421875 0.27734375 0.09921875 0.09140625
0 0.9828125 0.31171875 0.034375 0.1078125
0 0.78515625 0.4421875 0.059375 0.08984375
0 0.74296875 0.41953125 0.0546875 0.084375
0 0.6921875 0.39140625 0.0625 0.0734375
0 0.65078125 0.365625 0.071875 0.0734375
0 0.5734375 0.4125 0.0765625 0.0828125
0 0.6125 0.5515625 0.059375 0.06875
0 0.63125 0.63671875 0.0671875 0.0875
0 0.6109375 0.73671875 0.03984375 0.05078125
0 0.6484375 0.75703125 0.0578125 0.0578125
0 0.6625 0.77578125 0.04921875 0.04921875
0 0.56015625 0.771875 0.06875 0.0734375
0 0.609375 0.8671875 0.16484375 0.11796875
0 0.7703125 0.8734375 0.12109375 0.12109375
0 0.84609375 0.9015625 0.084375 0.09140625
0 0.66484375 0.9265625 0.1375 0.10234375
0 0.83359375 0.96328125 0.128125 0.0734375
0 0.696875 0.96953125 0.159375 0.0609375
0 0.16328125 0.97265625 0.12421875 0.0546875
0 0.0578125 0.959375 0.11484375 0.08125
0 0.03515625 0.92421875 0.0703125 0.1515625
0 0.29765625 0.0109375 0.0765625 0.021875
0 0.9546875 0.97421875 0.090625 0.0484375
0 0.9890625 0.91796875 0.021875 0.0515625