0 0.94921875 0.9625 0.1015625 0.07421875
0 0.85078125 0.959375 0.09296875 0.08046875
0 0.76640625 0.96640625 0.134375 0.06640625
0 0.64453125 0.97421875 0.1359375 0.0515625
0 0.66015625 0.93671875 0.1171875 0.08203125
0 0.73125 0.8796875 0.08203125 0.0984375
0 0.646875 0.85234375 0.07265625 0.06796875
0 0.946875 0.66484375 0.08046875 0.08203125
0 0.91328125 0.61953125 0.06015625 0.03984375
0 0.865625 0.665625 0.06953125 0.08046875
0 0.78984375 0.65546875 0.06328125 0.06796875
0 0.7546875 0.75390625 0.05703125 0.05234375
0 0.765625 0.6984375 0.05390625 0.04609375
0 0.7046875 0.74453125 0.06171875 0.07109375
0 0.6625 0.71953125 0.05859375 0.05859375
0 0.62578125 0.65703125 0.06484375 0.06640625
0 0.65234375 0.63984375 0.04921875 0.05234375
0 0.91171875 0.5375 0.08515625 0.07734375
0 0.715625 0.58359375 0.1125 0.09140625
0 0.746875 0.54765625 0.1015625 0.08515625
0 0.778125 0.52265625 0.08828125 0.06796875
0 0.815625 0.47578125 0.08671875 0.09296875
0 0.8546875 0.43203125 0.08515625 0.08515625
0 0.90859375 0.3984375 0.1390625 0.1140625
0 0.93203125 0.3578125 0.1359375 0.1265625
0 0.96796875 0.19453125 0.06328125 0.06640625
0 0.93515625 0.2734375 0.1296875 0.1515625
0 0.8609375 0.2859375 0.04453125 0.05234375
0 0.9203125 0.246875 0.08671875 0.07265625
0 0.82109375 0.2625 0.06328125 0.06328125
0 0.80078125 0.3640625 0.06640625 0.05390625
0 0.80234375 0.309375 0.1015625 0.08046875
0 0.68046875 0.3734375 0.15859375 0.1484375
0 0.64375 0.5125 0.1265625 0.1484375
0 0.578125 0.5109375 0.05859375 0.07265625
0 0.5875 0.45 0.06484375 0.07109375
0 0.52890625 0.48203125 0.06484375 0.08671875
0 0.6171875 0.74609375 0.05390625 0.05859375
0 0.58828125 0.79453125 0.06640625 0.06640625
0 0.5359375 0.825 0.07109375 0.04921875
0 0.496875 0.75390625 0.1265625 0.11875
0 0.5625 0.72265625 0.14375 0.121875
0 0.4734375 0.60859375 0.07265625 0.07734375
0 0.4140625 0.69140625 0.06484375 0.07265625
0 0.390625 0.83359375 0.1015625 0.1171875
0 0.3390625 0.8703125 0.08671875 0.1296875
0 0.2859375 0.89140625 0.07421875 0.15
0 0.26171875 0.90390625 0.07109375 0.16015625
0 0.35078125 0.440625 0.04921875 0.04921875
0 0.3390625 0.41640625 0.0296875 0.04453125
0 0.309375 0.3921875 0.04296875 0.05703125
0 0.30078125 0.3296875 0.04140625 0.03671875
0 0.28515625 0.3484375 0.025 0.028125
0 0.14296875 0.775 0.06484375 0.07578125
0 0.203125 0.8140625 0.08046875 0.09296875
0 0.29375 0.775 0.07109375 0.08828125
0 0.35546875 0.725 0.08046875 0.09140625
0 0.07890625 0.83359375 0.1296875 0.1484375
0 0.30390625 0.67265625 0.1140625 0.1140625
0 0.246875 0.71484375 0.06640625 0.1234375
0 0.20625 0.73984375 0.07734375 0.096875
0 0.44140625 0.546875 0.09140625 0.07734375
0 0.38359375 0.62265625 0.04921875 0.04609375
0 0.44375 0.653125 0.08984375 0.08515625
0 0.23125 0.91796875 0.06875 0.1640625
0 0.18125 0.928125 0.06796875 0.14375
0 0.13984375 0.94921875 0.115625 0.1015625
0 0.0640625 0.96015625 0.128125 0.07890625
0 0.0875 0.62578125 0.05859375 0.05859375
0 0.3953125 0.2265625 0.021875 0.03203125
0 0.375 0.1703125 0.03203125 0.03359375
0 0.071875 0.20390625 0.03984375 0.04140625
0 0.353125 0.1109375 0.03203125 0.03203125
0 0.33203125 0.05703125 0.03515625 0.028125