0 0.0484375 0.23828125 0.096875 0.1390625
0 0.18125 0.10078125 0.134375 0.1078125
0 0.234375 0.0328125 0.084375 0.065625
0 0.27890625 0.1390625 0.0984375 0.115625
0 0.46484375 0.1171875 0.0859375 0.09375
0 0.5 0.06640625 0.06875 0.0734375
0 0.58828125 0.0671875 0.0453125 0.071875
0 0.62734375 0.10078125 0.0578125 0.0578125
0 0.6140625 0.15859375 0.071875 0.0703125
0 0.52421875 0.17421875 0.0765625 0.0796875
0 0.4796875 0.28046875 0.096875 0.0890625
0 0.02421875 0.31484375 0.0484375 0.1046875
0 0.22421875 0.4421875 0.0578125 0.0875
0 0.265625 0.41953125 0.053125 0.0828125
0 0.31484375 0.3921875 0.0609375 0.071875
0 0.35546875 0.3671875 0.0703125 0.071875
0 0.43125 0.4125 0.075 0.08125
0 0.39296875 0.54921875 0.0578125 0.0671875
0 0.375 0.63203125 0.065625 0.0859375
0 0.39453125 0.7296875 0.0390625 0.05
0 0.3578125 0.75 0.05625 0.05625
0 0.34453125 0.76796875 0.0484375 0.0484375
0 0.44453125 0.7640625 0.0671875 0.071875
0 0.39609375 0.8578125 0.1609375 0.115625
0 0.2390625 0.8640625 0.11875 0.11875
0 0.16484375 0.89140625 0.0828125 0.0890625
0 0.3421875 0.915625 0.134375 0.1
0 0.1765625 0.9578125 0.125 0.084375
0 0.3109375 0.9640625 0.15625 0.071875
0 0.8328125 0.9671875 0.121875 0.065625
0 0.93984375 0.95390625 0.1203125 0.0921875
0 0.96171875 0.91953125 0.0765625 0.1609375
0 0.7015625 0.015625 0.075 0.03125
0 0.0546875 0.96953125 0.096875 0.0609375
0 0.01796875 0.9078125 0.0359375 0.05