0 0.9734375 0.03125 0.053125 0.0625
0 0.9328125 0.02265625 0.0828125 0.0453125
0 0.809375 0.015625 0.125 0.03046875
0 0.9609375 0.1078125 0.078125 0.06953125
0 0.90859375 0.3984375 0.0734375 0.05
0 0.76953125 0.31640625 0.05859375 0.05859375
0 0.7140625 0.28515625 0.07109375 0.09921875
0 0.77734375 0.14453125 0.0421875 0.0421875
0 0.82109375 0.12890625 0.0421875 0.034375
0 0.75 0.07890625 0.02890625 0.0375
0 0.42890625 0.00859375 0.0828125 0.0171875
0 0.425 0.02734375 0.07109375 0.0421875
0 0.2625 0.01875 0.05703125 0.0375
0 0.4171875 0.05625 0.0515625 0.05
0 0.446875 0.0734375 0.0734375 0.078125
0 0.5671875 0.07734375 0.05390625 0.046875
0 0.6453125 0.09765625 0.06953125 0.0359375
0 0.6609375 0.15234375 0.078125 0.0875
0 0.5796875 0.11328125 0.06171875 0.06484375
0 0.571875 0.16640625 0.06953125 0.05703125
0 0.5078125 0.14921875 0.075 0.075
0 0.5203125 0.0890625 0.06015625 0.06171875
0 0.425 0.1328125 0.084375 0.06796875
0 0.640625 0.22890625 0.0796875 0.084375
0 0.49296875 0.55625 0.040625 0.05
0 0.30078125 0.5359375 0.05703125 0.05546875
0 0.28671875 0.58828125 0.06328125 0.06015625
0 0.31171875 0.28828125 0.05859375 0.046875
0 0.303125 0.32734375 0.05390625 0.05
0 0.0703125 0.2015625 0.06640625 0.05546875
0 0.0109375 0.19140625 0.02109375 0.0453125
0 0.26328125 0.01796875 0.0515625 0.0359375
0 0.13828125 0.41171875 0.0453125 0.05
0 0.25 0.48671875 0.05546875 0.05546875
0 0.0640625 0.56484375 0.05 0.0453125
0 0.0734375 0.49921875 0.0453125 0.05
0 0.184375 0.61640625 0.05 0.05390625
0 0.1140625 0.6109375 0.046875 0.046875
0 0.43828125 0.7171875 0.0515625 0.0453125
0 0.6953125 0.64140625 0.046875 0.0453125
0 0.84609375 0.65546875 0.06796875 0.05859375
0 0.6953125 0.9828125 0.06328125 0.034375
0 0.915625 0.75390625 0.0453125 0.046875
0 0.96484375 0.778125 0.05 0.04375
0 0.975 0.73828125 0.05 0.0453125
0 0.15078125 0.9796875 0.0875 0.040625
0 0.08125 0.99296875 0.10625 0.0140625
0 0.0109375 0.48671875 0.02109375 0.0359375
0 0.715625 0.546875 0.0359375 0.0359375
0 0.6296875 0.0109375 0.05546875 0.02109375