0 0.01796875 0.053125 0.0359375 0.075
0 0.0515625 0.3640625 0.078125 0.05390625
0 0.2 0.27578125 0.0625 0.0625
0 0.25859375 0.2421875 0.0765625 0.10625
0 0.190625 0.0921875 0.0453125 0.0453125
0 0.14375 0.07578125 0.0453125 0.03671875
0 0.2203125 0.021875 0.03125 0.03984375
0 0.5765625 0.0125 0.05546875 0.02421875
0 0.54453125 0.02890625 0.078125 0.05703125
0 0.415625 0.02265625 0.05703125 0.0453125
0 0.3328125 0.04140625 0.075 0.03828125
0 0.315625 0.10078125 0.08359375 0.09375
0 0.403125 0.059375 0.065625 0.06953125
0 0.4109375 0.115625 0.075 0.0609375
0 0.47890625 0.096875 0.0796875 0.0796875
0 0.46640625 0.0328125 0.0640625 0.065625
0 0.56796875 0.0796875 0.090625 0.07265625
0 0.3375 0.18203125 0.08515625 0.090625
0 0.4953125 0.53203125 0.04375 0.05390625
0 0.70078125 0.51015625 0.0609375 0.059375
0 0.71640625 0.5671875 0.06796875 0.0640625
0 0.6890625 0.2453125 0.0625 0.05
0 0.6984375 0.2875 0.05703125 0.05390625
0 0.946875 0.153125 0.07109375 0.059375
0 0.875 0.37734375 0.0484375 0.05390625
0 0.75546875 0.45859375 0.059375 0.059375
0 0.95390625 0.54140625 0.05390625 0.0484375
0 0.94453125 0.47109375 0.0484375 0.05390625
0 0.82578125 0.59609375 0.05390625 0.05703125
0 0.9 0.59140625 0.05 0.05
0 0.55390625 0.7046875 0.05546875 0.0484375
0 0.27890625 0.6234375 0.05 0.0484375
0 0.11796875 0.6390625 0.07265625 0.0625
0 0.27890625 0.98515625 0.06796875 0.0296875
0 0.04375 0.74375 0.0484375 0.05
0 0.00859375 0.7703125 0.0171875 0.046875
0 0.8609375 0.98125 0.09375 0.0375
0 0.25703125 0.52265625 0.03828125 0.03828125