0 0.58359375 0.09296875 0.1609375 0.16640625
0 0.68359375 0.31328125 0.11015625 0.0984375
0 0.66875 0.39140625 0.096875 0.078125
0 0.62265625 0.30390625 0.0765625 0.0796875
0 0.584375 0.34453125 0.05390625 0.0625
0 0.54296875 0.3734375 0.07265625 0.06640625
0 0.6109375 0.4421875 0.09296875 0.06796875
0 0.60546875 0.484375 0.0609375 0.07421875
0 0.54765625 0.46171875 0.07421875 0.08984375
0 0.50625 0.403125 0.059375 0.078125
0 0.9890625 0.9234375 0.021875 0.1421875
0 0.9625 0.88203125 0.07421875 0.16796875
0 0.9203125 0.84375 0.12578125 0.14609375
0 0.89375 0.8203125 0.103125 0.1625
0 0.859375 0.79921875 0.1015625 0.1640625
0 0.8109375 0.7734375 0.08671875 0.17421875
0 0.7796875 0.7421875 0.08828125 0.16953125
0 0.740625 0.715625 0.09140625 0.1765625
0 0.71171875 0.6921875 0.07421875 0.17421875
0 0.6734375 0.66796875 0.0765625 0.1796875
0 0.65234375 0.64375 0.07421875 0.1796875
0 0.6140625 0.6171875 0.096875 0.16953125
0 0.57890625 0.5875 0.1 0.15078125
0 0.5203125 0.55625 0.1359375 0.1625
0 0.47578125 0.515625 0.103125 0.13203125
0 0.4296875 0.4671875 0.1375 0.140625
0 0.39296875 0.4421875 0.16640625 0.1421875
0 0.32265625 0.38671875 0.11015625 0.15625
0 0.2890625 0.35390625 0.103125 0.196875
0 0.046875 0.046875 0.09296875 0.09296875
0 0.06328125 0.06015625 0.09296875 0.1203125
0 0.0921875 0.08125 0.1171875 0.14609375
0 0.1328125 0.134375 0.13046875 0.10703125
0 0.17109375 0.1703125 0.14609375 0.11015625
0 0.1984375 0.21171875 0.17265625 0.09140625
0 0.22265625 0.24375 0.19453125 0.09140625
0 0.2515625 0.28125 0.18828125 0.12890625
0 0.01875 0.18984375 0.0375 0.05390625
0 0.065625 0.2078125 0.08671875 0.096875
0 0.1 0.25625 0.09140625 0.0609375
0 0.13046875 0.309375 0.07109375 0.07265625
0 0.07421875 0.3625 0.1484375 0.159375
0 0.1625 0.421875 0.10859375 0.11171875
0 0.30859375 0.47890625 0.07109375 0.0828125
0 0.31015625 0.52890625 0.1015625 0.0640625
0 0.24921875 0.47890625 0.06796875 0.08671875
0 0.21171875 0.4609375 0.0609375 0.0640625
0 0.86171875 0.93671875 0.06640625 0.06640625
0 0.8796875 0.96484375 0.175 0.0703125
0 0.7796875 0.909375 0.1359375 0.140625
0 0.65078125 0.853125 0.09140625 0.0828125
0 0.47578125 0.86328125 0.06640625 0.059375
0 0.5203125 0.9234375 0.05390625 0.0640625
0 0.57109375 0.9390625 0.0609375 0.04375
0 0.6125 0.971875 0.07265625 0.05625
0 0.47578125 0.953125 0.06640625 0.0625
0 0.353125 0.878125 0.06640625 0.0640625
0 0.465625 0.98203125 0.06640625 0.0359375
0 0.2234375 0.82421875 0.0640625 0.0625
0 0.140625 0.66015625 0.078125 0.07265625
0 0.12890625 0.68828125 0.0609375 0.0640625
0 0.08671875 0.68203125 0.0578125 0.05234375
0 0.11171875 0.8171875 0.040625 0.040625
0 0.6203125 0.753125 0.11171875 0.1171875
0 0.5328125 0.696875 0.13359375 0.1359375
0 0.45234375 0.6359375 0.1390625 0.16640625
0 0.278125 0.9625 0.09140625 0.07421875