0 0.0515625 0.96953125 0.10234375 0.0609375
0 0.1546875 0.96640625 0.103125 0.0671875
0 0.246875 0.97421875 0.146875 0.0515625
0 0.38125 0.98203125 0.15 0.0359375
0 0.36484375 0.9515625 0.128125 0.090625
0 0.28671875 0.8890625 0.090625 0.1078125
0 0.378125 0.85859375 0.0796875 0.075
0 0.04921875 0.653125 0.08828125 0.090625
0 0.08671875 0.603125 0.065625 0.04375
0 0.1390625 0.65390625 0.0765625 0.08828125
0 0.221875 0.64296875 0.06953125 0.075
0 0.26015625 0.75078125 0.0625 0.05703125
0 0.2484375 0.68984375 0.059375 0.05
0 0.31484375 0.740625 0.06796875 0.078125
0 0.36171875 0.7125 0.0640625 0.0640625
0 0.4015625 0.64375 0.07109375 0.07265625
0 0.37265625 0.62578125 0.05390625 0.05703125
0 0.08828125 0.51328125 0.09375 0.08515625
0 0.303125 0.5640625 0.1234375 0.10078125
0 0.26875 0.52421875 0.1109375 0.09375
0 0.234375 0.49765625 0.096875 0.075
0 0.19375 0.4453125 0.0953125 0.10234375
0 0.15078125 0.39765625 0.09375 0.09375
0 0.0921875 0.3609375 0.153125 0.125
0 0.0703125 0.315625 0.140625 0.1390625
0 0.03046875 0.1375 0.0609375 0.07265625
0 0.0671875 0.22421875 0.13359375 0.16640625
0 0.14375 0.23671875 0.0484375 0.05703125
0 0.07890625 0.19453125 0.0953125 0.0796875
0 0.1875 0.21171875 0.06953125 0.06953125
0 0.21015625 0.32265625 0.07265625 0.059375
0 0.20859375 0.26328125 0.1109375 0.08828125
0 0.3421875 0.33359375 0.1734375 0.16328125
0 0.38203125 0.4859375 0.1390625 0.16328125
0 0.45390625 0.484375 0.0640625 0.0796875
0 0.44375 0.4171875 0.07109375 0.078125
0 0.5078125 0.45234375 0.07109375 0.0953125
0 0.41171875 0.7421875 0.059375 0.0640625
0 0.44296875 0.7953125 0.07265625 0.07265625
0 0.50078125 0.82890625 0.078125 0.05390625
0 0.54375 0.75078125 0.1390625 0.13046875
0 0.47109375 0.71640625 0.1578125 0.13359375
0 0.56953125 0.59140625 0.0796875 0.08515625
0 0.634375 0.68203125 0.07109375 0.0796875
0 0.659375 0.83828125 0.1109375 0.128125
0 0.71640625 0.878125 0.0953125 0.1421875
0 0.775 0.9015625 0.08125 0.16484375
0 0.8015625 0.9140625 0.078125 0.171875
0 0.70390625 0.40703125 0.05390625 0.05390625
0 0.71640625 0.38046875 0.0328125 0.0484375
0 0.74921875 0.35390625 0.046875 0.0625
0 0.75859375 0.2859375 0.0453125 0.03984375
0 0.77578125 0.30546875 0.028125 0.03125
0 0.93125 0.77421875 0.07109375 0.08359375
0 0.865625 0.8171875 0.08828125 0.10234375
0 0.76640625 0.77421875 0.078125 0.096875
0 0.6984375 0.71875 0.08828125 0.10078125
0 0.96484375 0.8390625 0.0703125 0.1625
0 0.75546875 0.66171875 0.125 0.125
0 0.81796875 0.70859375 0.07265625 0.13515625
0 0.86171875 0.73515625 0.08515625 0.10625
0 0.60390625 0.5234375 0.10078125 0.08515625
0 0.6671875 0.60703125 0.05390625 0.05
0 0.6015625 0.640625 0.09921875 0.09375
0 0.8359375 0.9203125 0.075 0.159375
0 0.88984375 0.93125 0.075 0.1375
0 0.93515625 0.9546875 0.1265625 0.090625
0 0.9734375 0.9671875 0.053125 0.065625
0 0.9796875 0.61015625 0.03984375 0.0640625
0 0.6546875 0.171875 0.02421875 0.034375
0 0.67734375 0.11015625 0.034375 0.03671875
0 0.99375 0.14765625 0.0125 0.0453125
0 0.7015625 0.0453125 0.034375 0.034375