0 0.5109375 0.85390625 0.16484375 0.1703125
0 0.6140625 0.628125 0.1125 0.10078125
0 0.5984375 0.5484375 0.09921875 0.0796875
0 0.5515625 0.63828125 0.078125 0.08125
0 0.5125 0.59609375 0.05546875 0.0640625
0 0.46953125 0.5671875 0.075 0.06796875
0 0.5390625 0.496875 0.0953125 0.06953125
0 0.5328125 0.453125 0.0625 0.0765625
0 0.47421875 0.4765625 0.0765625 0.0921875
0 0.43125 0.53671875 0.0609375 0.0796875
0 0.97109375 0.01484375 0.05703125 0.0296875
0 0.953125 0.03828125 0.0765625 0.0765625
0 0.91171875 0.06640625 0.0984375 0.1328125
0 0.85625 0.08515625 0.128125 0.14921875
0 0.82890625 0.109375 0.10625 0.16640625
0 0.79375 0.13125 0.10390625 0.16875
0 0.74375 0.15703125 0.08828125 0.17890625
0 0.71171875 0.1890625 0.090625 0.1734375
0 0.671875 0.2171875 0.09375 0.18046875
0 0.6421875 0.240625 0.0765625 0.17890625
0 0.603125 0.265625 0.078125 0.184375
0 0.58125 0.28984375 0.0765625 0.184375
0 0.5421875 0.31796875 0.09921875 0.1734375
0 0.50625 0.3484375 0.10234375 0.1546875
0 0.44609375 0.38046875 0.1390625 0.16640625
0 0.4 0.421875 0.10625 0.13515625
0 0.353125 0.47109375 0.140625 0.14375
0 0.315625 0.496875 0.1703125 0.14609375
0 0.24375 0.55390625 0.1125 0.159375
0 0.209375 0.58671875 0.10625 0.2015625
0 0.01328125 0.90390625 0.02578125 0.1546875
0 0.034375 0.8671875 0.06875 0.15
0 0.05859375 0.8125 0.1171875 0.109375
0 0.08828125 0.775 0.14921875 0.1125
0 0.11640625 0.7328125 0.17734375 0.09375
0 0.14140625 0.7 0.2 0.09375
0 0.17109375 0.66171875 0.19296875 0.13203125
0 0.0125 0.73671875 0.02421875 0.09921875
0 0.03125 0.6875 0.0625 0.0625
0 0.046875 0.6328125 0.07265625 0.075
0 0.03203125 0.578125 0.0640625 0.16328125
0 0.0796875 0.5171875 0.1109375 0.11484375
0 0.22890625 0.459375 0.07265625 0.08515625
0 0.23125 0.4078125 0.10390625 0.065625
0 0.16875 0.459375 0.06953125 0.08828125
0 0.13046875 0.47734375 0.0625 0.065625
0 0.79609375 0.0125 0.06796875 0.02421875
0 0.71171875 0.0453125 0.1390625 0.090625
0 0.5796875 0.07578125 0.09375 0.08515625
0 0.4 0.06484375 0.06796875 0.0609375
0 0.446875 0.01875 0.05625 0.0375
0 0.4984375 0.00546875 0.0625 0.01015625
0 0.275 0.05 0.06796875 0.065625
0 0.1421875 0.1046875 0.065625 0.0640625
0 0.05703125 0.2734375 0.0796875 0.075
0 0.0453125 0.24453125 0.0625 0.065625
0 0.015625 0.25078125 0.03125 0.05390625
0 0.028125 0.1125 0.04140625 0.04140625
0 0.5484375 0.178125 0.11484375 0.11953125
0 0.459375 0.2359375 0.1375 0.1390625
0 0.3765625 0.2984375 0.1421875 0.1703125