0 0.0375 0.04140625 0.075 0.0671875
0 0.08828125 0.02890625 0.0796875 0.0578125
0 0.20703125 0.021875 0.1203125 0.04375
0 0.04921875 0.11796875 0.0984375 0.0671875
0 0.11171875 0.39765625 0.0703125 0.0484375
0 0.2453125 0.31875 0.05625 0.05625
0 0.2984375 0.28828125 0.06875 0.0953125
0 0.2375 0.153125 0.040625 0.040625
0 0.1953125 0.13828125 0.040625 0.0328125
0 0.2640625 0.08984375 0.028125 0.0359375
0 0.57421875 0.015625 0.0796875 0.03125
0 0.5765625 0.040625 0.06875 0.040625
0 0.73359375 0.025 0.0546875 0.05
0 0.584375 0.06796875 0.05 0.0484375
0 0.55546875 0.084375 0.0703125 0.075
0 0.43984375 0.08828125 0.0515625 0.0453125
0 0.36484375 0.1078125 0.0671875 0.034375
0 0.35 0.1609375 0.075 0.084375
0 0.428125 0.1234375 0.059375 0.0625
0 0.43515625 0.17421875 0.0671875 0.0546875
0 0.496875 0.1578125 0.071875 0.071875
0 0.48515625 0.1 0.0578125 0.059375
0 0.5765625 0.1421875 0.08125 0.065625
0 0.36953125 0.234375 0.0765625 0.08125
0 0.51171875 0.54921875 0.0390625 0.0484375
0 0.69609375 0.5296875 0.0546875 0.053125
0 0.71015625 0.58046875 0.0609375 0.0578125
0 0.6859375 0.29140625 0.05625 0.0453125
0 0.69453125 0.32890625 0.0515625 0.0484375
0 0.91796875 0.2078125 0.0640625 0.053125
0 0.9828125 0.1984375 0.034375 0.04375
0 0.7328125 0.02421875 0.05 0.0484375
0 0.853125 0.41015625 0.04375 0.0484375
0 0.7453125 0.4828125 0.053125 0.053125
0 0.92421875 0.5578125 0.0484375 0.04375
0 0.915625 0.49453125 0.04375 0.0484375
0 0.80859375 0.60703125 0.0484375 0.0515625
0 0.87578125 0.60234375 0.0453125 0.0453125
0 0.5640625 0.7046875 0.05 0.04375
0 0.31640625 0.63125 0.0453125 0.04375
0 0.171875 0.6453125 0.065625 0.05625
0 0.31640625 0.96796875 0.0609375 0.0484375
0 0.1046875 0.73984375 0.04375 0.0453125
0 0.05703125 0.76328125 0.0484375 0.0421875
0 0.04296875 0.725 0.0578125 0.04375
0 0.840625 0.96875 0.084375 0.0625
0 0.90859375 0.98203125 0.1015625 0.0359375
0 0.9828125 0.4828125 0.034375 0.034375
0 0.296875 0.540625 0.034375 0.034375
0 0.3796875 0.0171875 0.053125 0.034375