0 0.05078125 0.0421875 0.1015625 0.084375
0 0.14921875 0.046875 0.0921875 0.0875
0 0.23203125 0.03828125 0.1328125 0.0765625
0 0.353125 0.03125 0.134375 0.0625
0 0.3375 0.0734375 0.115625 0.08125
0 0.2671875 0.1296875 0.08125 0.096875
0 0.35 0.15703125 0.071875 0.0671875
0 0.05390625 0.3421875 0.0796875 0.08125
0 0.0875 0.38671875 0.059375 0.0390625
0 0.134375 0.34140625 0.06875 0.0796875
0 0.209375 0.35078125 0.0625 0.0671875
0 0.24375 0.25390625 0.05625 0.0515625
0 0.2328125 0.30859375 0.053125 0.0453125
0 0.29296875 0.26328125 0.0609375 0.0703125
0 0.33515625 0.28828125 0.0578125 0.0578125
0 0.37109375 0.35 0.0640625 0.065625
0 0.34453125 0.36640625 0.0484375 0.0515625
0 0.0890625 0.46796875 0.084375 0.0765625
0 0.28203125 0.421875 0.1109375 0.090625
0 0.2515625 0.4578125 0.1 0.084375
0 0.2203125 0.48203125 0.0875 0.0671875
0 0.18359375 0.52890625 0.0859375 0.0921875
0 0.1453125 0.571875 0.084375 0.084375
0 0.0921875 0.6046875 0.1375 0.1125
0 0.06875 0.6453125 0.134375 0.125
0 0.0328125 0.80625 0.0625 0.065625
0 0.06484375 0.728125 0.1296875 0.15
0 0.1390625 0.71640625 0.04375 0.0515625
0 0.08046875 0.7546875 0.0859375 0.071875
0 0.178125 0.7390625 0.0625 0.0625
0 0.1984375 0.6390625 0.065625 0.053125
0 0.196875 0.69296875 0.1 0.0796875
0 0.3171875 0.6296875 0.15625 0.146875
0 0.353125 0.4921875 0.125 0.146875
0 0.41796875 0.49375 0.0578125 0.071875
0 0.40859375 0.55390625 0.0640625 0.0703125
0 0.46640625 0.52265625 0.0640625 0.0859375
0 0.3796875 0.26171875 0.053125 0.0578125
0 0.4078125 0.2140625 0.065625 0.065625
0 0.46015625 0.18359375 0.0703125 0.0484375
0 0.4984375 0.25390625 0.125 0.1171875
0 0.43359375 0.28515625 0.1421875 0.1203125
0 0.521875 0.39765625 0.071875 0.0765625
0 0.58046875 0.315625 0.0640625 0.071875
0 0.603125 0.175 0.1 0.115625
0 0.65390625 0.1390625 0.0859375 0.128125
0 0.70703125 0.11796875 0.0734375 0.1484375
0 0.73046875 0.10546875 0.0703125 0.1578125
0 0.64296875 0.56328125 0.0484375 0.0484375
0 0.65390625 0.5875 0.0296875 0.04375
0 0.68359375 0.6109375 0.0421875 0.05625
0 0.6921875 0.67265625 0.040625 0.0359375
0 0.7078125 0.6546875 0.025 0.028125
0 0.84765625 0.2328125 0.0640625 0.075
0 0.78828125 0.19453125 0.0796875 0.0921875
0 0.69921875 0.2328125 0.0703125 0.0875
0 0.63828125 0.2828125 0.0796875 0.090625
0 0.9109375 0.175 0.128125 0.146875
0 0.6890625 0.334375 0.1125 0.1125
0 0.7453125 0.2921875 0.065625 0.121875
0 0.78515625 0.26796875 0.0765625 0.0953125
0 0.553125 0.45859375 0.090625 0.0765625
0 0.61015625 0.38359375 0.0484375 0.0453125
0 0.55078125 0.353125 0.0890625 0.084375
0 0.76171875 0.08984375 0.0671875 0.1671875
0 0.81015625 0.0765625 0.0671875 0.153125
0 0.85078125 0.05546875 0.1140625 0.1109375
0 0.92890625 0.04453125 0.1328125 0.0890625
0 0.90234375 0.38046875 0.0578125 0.0578125
0 0.5984375 0.775 0.021875 0.03125
0 0.61875 0.83046875 0.03125 0.0328125
0 0.91796875 0.796875 0.0390625 0.040625
0 0.640625 0.8890625 0.03125 0.03125
0 0.6609375 0.9421875 0.034375 0.028125