0 0.959375 0.23359375 0.08125 0.1453125
0 0.8296875 0.090625 0.140625 0.1125
0 0.77421875 0.02734375 0.08828125 0.05390625
0 0.728125 0.13046875 0.103125 0.12109375
0 0.53359375 0.1078125 0.08984375 0.09765625
0 0.496875 0.0546875 0.071875 0.0765625
0 0.4046875 0.05546875 0.04765625 0.075
0 0.36328125 0.090625 0.06015625 0.06015625
0 0.37734375 0.15078125 0.075 0.0734375
0 0.47109375 0.1671875 0.0796875 0.08359375
0 0.51796875 0.27890625 0.1015625 0.09296875
0 0.984375 0.31484375 0.03125 0.109375
0 0.78515625 0.44765625 0.06015625 0.09140625
0 0.7421875 0.42421875 0.05546875 0.08671875
0 0.690625 0.3953125 0.0640625 0.075
0 0.64765625 0.36953125 0.0734375 0.075
0 0.56875 0.41640625 0.078125 0.08515625
0 0.60859375 0.559375 0.06015625 0.0703125
0 0.62734375 0.64609375 0.06875 0.08984375
0 0.60703125 0.7484375 0.040625 0.05234375
0 0.6453125 0.76953125 0.05859375 0.05859375
0 0.659375 0.78828125 0.05078125 0.05078125
0 0.5546875 0.784375 0.0703125 0.075
0 0.60546875 0.88203125 0.16796875 0.12109375
0 0.76953125 0.8890625 0.12421875 0.12421875
0 0.846875 0.9171875 0.08671875 0.09296875
0 0.66171875 0.94296875 0.140625 0.1046875
0 0.83515625 0.97109375 0.13046875 0.05703125
0 0.69453125 0.978125 0.16328125 0.04375
0 0.1484375 0.98125 0.12734375 0.0375
0 0.05 0.9671875 0.1 0.065625
0 0.02734375 0.93125 0.05390625 0.1375
0 0.2859375 0.009375 0.078125 0.01796875
0 0.95625 0.98359375 0.0875 0.0328125
0 0.990625 0.934375 0.01796875 0.05234375