0 0.0296875 0.03203125 0.059375 0.0640625
0 0.02734375 0.0703125 0.0546875 0.06875
0 0.05859375 0.06328125 0.0484375 0.0578125
0 0.0296875 0.10234375 0.059375 0.0640625
0 0.05546875 0.11796875 0.0671875 0.0671875
0 0.0203125 0.18984375 0.040625 0.0859375
0 0.09609375 0.18515625 0.0828125 0.0828125
0 0.02421875 0.246875 0.0484375 0.0625
0 0.0328125 0.30859375 0.065625 0.0734375
0 0.0921875 0.30078125 0.08125 0.0765625
0 0.05859375 0.33984375 0.0640625 0.0578125
0 0.12265625 0.3640625 0.0765625 0.053125
0 0.19296875 0.36640625 0.0578125 0.0578125
0 0.23359375 0.3421875 0.0578125 0.0625
0 0.21328125 0.22578125 0.0796875 0.0890625
0 0.33515625 0.02265625 0.0734375 0.0453125
0 0.334375 0.065625 0.059375 0.0625
0 0.34296875 0.09453125 0.0671875 0.0265625
0 0.30234375 0.1203125 0.0765625 0.071875
0 0.29921875 0.19765625 0.0671875 0.0578125
0 0.33203125 0.16484375 0.0671875 0.0640625
0 0.33515625 0.22734375 0.0796875 0.0671875
0 0.28828125 0.2640625 0.0703125 0.090625
0 0.33515625 0.3140625 0.1046875 0.090625
0 0.26796875 0.37578125 0.0703125 0.0578125
0 0.29453125 0.39453125 0.0640625 0.0453125
0 0.34609375 0.38125 0.0671875 0.053125
0 0.3109375 0.35703125 0.065625 0.0453125
0 0.0625 0.396875 0.059375 0.071875
0 0.1046875 0.41875 0.053125 0.053125
0 0.0375 0.45703125 0.075 0.0578125
0 0.03984375 0.48671875 0.0796875 0.0546875
0 0.18046875 0.49296875 0.0515625 0.0671875
0 0.025 0.78046875 0.05 0.0765625
0 0.04921875 0.859375 0.0984375 0.1125
0 0.10546875 0.8765625 0.0890625 0.084375
0 0.1609375 0.41953125 0.065625 0.1015625
0 0.2125 0.428125 0.090625 0.09375
0 0.24296875 0.44765625 0.0734375 0.1078125
0 0.2671875 0.5046875 0.059375 0.08125
0 0.2390625 0.54453125 0.071875 0.0765625
0 0.2125 0.63984375 0.084375 0.0796875
0 0.20703125 0.7078125 0.0921875 0.09375
0 0.1578125 0.725 0.0875 0.06875
0 0.13359375 0.81328125 0.0734375 0.0359375
0 0.1359375 0.76640625 0.06875 0.0484375
0 0.1859375 0.78984375 0.071875 0.0578125
0 0.2328125 0.7703125 0.065625 0.065625
0 0.18125 0.81953125 0.075 0.0671875
0 0.15234375 0.86796875 0.0609375 0.0609375
0 0.1859375 0.89921875 0.065625 0.0703125
0 0.228125 0.87109375 0.05625 0.0859375
0 0.29921875 0.64453125 0.0453125 0.0515625
0 0.31015625 0.66953125 0.0359375 0.0390625
0 0.35390625 0.62265625 0.0484375 0.0578125
0 0.36875 0.6640625 0.05625 0.053125
0 0.365625 0.46171875 0.11875 0.0578125
0 0.4078125 0.49375 0.04375 0.040625
0 0.37421875 0.5015625 0.0453125 0.05625
0 0.44921875 0.4859375 0.0578125 0.034375
0 0.45234375 0.525 0.0796875 0.0375
0 0.48671875 0.49296875 0.0484375 0.0515625
0 0.49609375 0.52890625 0.0390625 0.0390625
0 0.52734375 0.509375 0.0578125 0.0625
0 0.390625 0.415625 0.090625 0.071875
0 0.446875 0.40390625 0.08125 0.0796875
0 0.46640625 0.33515625 0.0578125 0.0484375
0 0.4859375 0.38828125 0.05625 0.0453125
0 0.43125 0.353125 0.053125 0.053125
0 0.521875 0.34765625 0.075 0.0796875
0 0.47890625 0.24140625 0.0578125 0.0578125
0 0.63203125 0.025 0.0671875 0.05
0 0.69609375 0.02890625 0.0546875 0.0578125
0 0.7234375 0.01953125 0.0625 0.0390625
0 0.7921875 0.03359375 0.075 0.0671875
0 0.78515625 0.07734375 0.1046875 0.0984375
0 0.67421875 0.05390625 0.0421875 0.0484375
0 0.709375 0.0640625 0.05 0.05
0 0.59140625 0.06171875 0.0734375 0.0359375
0 0.6078125 0.0296875 0.065625 0.05625
0 0.6078125 0.0734375 0.053125 0.05
0 0.6609375 0.08671875 0.06875 0.0578125
0 0.55625 0.1234375 0.04375 0.065625
0 0.60546875 0.11328125 0.0546875 0.0515625
0 0.64453125 0.15234375 0.0609375 0.0796875
0 0.553125 0.17890625 0.0875 0.0734375
0 0.8171875 0.2203125 0.053125 0.065625
0 0.7796875 0.22421875 0.053125 0.0671875
0 0.721875 0.19140625 0.084375 0.0609375
0 0.7390625 0.24375 0.08125 0.0625
0 0.66796875 0.1921875 0.0765625 0.0625
0 0.603125 0.19921875 0.084375 0.0765625
0 0.63359375 0.21796875 0.0546875 0.0671875
0 0.6703125 0.24375 0.075 0.06875
0 0.57890625 0.2390625 0.0671875 0.059375
0 0.584375 0.28828125 0.06875 0.0578125
0 0.6421875 0.26171875 0.065625 0.0578125
0 0.97734375 0.33046875 0.0453125 0.0796875
0 0.96875 0.4515625 0.0625 0.1
0 0.97734375 0.525 0.0453125 0.06875
0 0.490625 0.44296875 0.084375 0.0984375
0 0.57109375 0.43671875 0.1109375 0.1109375
0 0.62265625 0.50703125 0.0671875 0.0703125
0 0.66796875 0.4875 0.0453125 0.0625
0 0.709375 0.4953125 0.084375 0.06875
0 0.69609375 0.52890625 0.0671875 0.0609375
0 0.59375 0.5296875 0.0625 0.075
0 0.53515625 0.56484375 0.0859375 0.0859375
0 0.540625 0.640625 0.1125 0.090625
0 0.4953125 0.74609375 0.11875 0.0890625
0 0.49140625 0.8078125 0.1265625 0.090625
0 0.6046875 0.7921875 0.08125 0.06875
0 0.5609375 0.70546875 0.071875 0.0796875
0 0.5046875 0.67421875 0.071875 0.0859375
0 0.63203125 0.8375 0.0640625 0.071875
0 0.59375 0.84375 0.065625 0.08125
0 0.47734375 0.884375 0.0921875 0.1
0 0.5359375 0.8734375 0.071875 0.071875
0 0.578125 0.8890625 0.059375 0.059375
0 0.63125 0.87578125 0.0875 0.0453125
0 0.6421875 0.88828125 0.084375 0.0703125
0 0.67421875 0.90859375 0.0671875 0.0703125
0 0.7515625 0.9265625 0.059375 0.05
0 0.80390625 0.9421875 0.0578125 0.059375
0 0.46640625 0.9328125 0.0984375 0.065625
0 0.58046875 0.96484375 0.1296875 0.0703125
0 0.4515625 0.96640625 0.115625 0.0671875
0 0.5109375 0.9640625 0.059375 0.071875
0 0.66015625 0.5703125 0.0703125 0.0625
0 0.6234375 0.62109375 0.065625 0.0765625
0 0.671875 0.6109375 0.04375 0.065625
0 0.646875 0.66484375 0.075 0.0515625
0 0.39921875 0.7328125 0.0359375 0.03125
0 0.3734375 0.7015625 0.03125 0.03125
0 0.4046875 0.69609375 0.03125 0.0359375
0 0.37265625 0.728125 0.0296875 0.03125
0 0.7359375 0.6046875 0.08125 0.075
0 0.7921875 0.5734375 0.075 0.075
0 0.828125 0.52421875 0.103125 0.0640625
0 0.8421875 0.55546875 0.06875 0.0609375
0 0.85859375 0.6078125 0.1109375 0.075
0 0.896875 0.540625 0.09375 0.096875
0 0.96953125 0.58984375 0.0578125 0.0640625
0 0.946875 0.6515625 0.075 0.084375
0 0.97734375 0.64609375 0.0453125 0.1203125
0 0.98203125 0.6859375 0.0359375 0.084375
0 0.93671875 0.76953125 0.0671875 0.0578125
0 0.95546875 0.72890625 0.0453125 0.0484375
0 0.97734375 0.74921875 0.0453125 0.0890625
0 0.81640625 0.85078125 0.0796875 0.0828125
0 0.0171875 0.7109375 0.034375 0.103125
0 0.92890625 0.80859375 0.0609375 0.0640625
0 0.959375 0.83671875 0.06875 0.0984375
0 0.884375 0.86015625 0.11875 0.0765625
0 0.84453125 0.96328125 0.0796875 0.0578125
0 0.85 0.90859375 0.071875 0.0671875
0 0.9078125 0.915625 0.075 0.090625
0 0.9484375 0.95390625 0.0625 0.0921875
0 0.90390625 0.9671875 0.1046875 0.065625
0 0.92734375 0.24609375 0.0890625 0.0828125
0 0.44453125 0.18515625 0.0296875 0.0328125
0 0.66015625 0.7171875 0.0390625 0.034375