0 0.02421875 0.97890625 0.0484375 0.0421875
0 0.021875 0.9515625 0.04375 0.07109375
0 0.04765625 0.959375 0.05 0.059375
0 0.02421875 0.91875 0.0484375 0.065625
0 0.04453125 0.90234375 0.06875 0.06875
0 0.01484375 0.82890625 0.02890625 0.08828125
0 0.0859375 0.83359375 0.08515625 0.08515625
0 0.01875 0.7703125 0.03671875 0.0640625
0 0.02734375 0.70625 0.0546875 0.07578125
0 0.08203125 0.71484375 0.08359375 0.07890625
0 0.04765625 0.67421875 0.065625 0.059375
0 0.11328125 0.64921875 0.07890625 0.0546875
0 0.1859375 0.646875 0.059375 0.059375
0 0.22734375 0.671875 0.059375 0.0640625
0 0.20625 0.7921875 0.08203125 0.09140625
0 0.33125 0.9890625 0.075 0.021875
0 0.33125 0.95625 0.0609375 0.0640625
0 0.33984375 0.9265625 0.06875 0.02734375
0 0.2984375 0.9 0.07890625 0.07421875
0 0.2953125 0.82109375 0.06875 0.059375
0 0.32890625 0.8546875 0.06875 0.065625
0 0.33203125 0.78984375 0.08203125 0.06875
0 0.28359375 0.75234375 0.07265625 0.09296875
0 0.33203125 0.70078125 0.1078125 0.09296875
0 0.2625 0.6375 0.07265625 0.059375
0 0.28984375 0.61796875 0.065625 0.046875
0 0.34296875 0.63203125 0.06875 0.0546875
0 0.30703125 0.65703125 0.0671875 0.046875
0 0.0515625 0.615625 0.0609375 0.07421875
0 0.09453125 0.59296875 0.0546875 0.0546875
0 0.03203125 0.55390625 0.0640625 0.059375
0 0.034375 0.5234375 0.06875 0.05625
0 0.17265625 0.5171875 0.053125 0.06875
0 0.01953125 0.22109375 0.03828125 0.07890625
0 0.04453125 0.13984375 0.08828125 0.115625
0 0.0953125 0.121875 0.09140625 0.08671875
0 0.15234375 0.5921875 0.0671875 0.1046875
0 0.20546875 0.58359375 0.09296875 0.09609375
0 0.2375 0.56328125 0.07578125 0.1109375
0 0.26171875 0.5046875 0.0609375 0.08359375
0 0.2328125 0.4640625 0.07421875 0.07890625
0 0.20546875 0.365625 0.08671875 0.08203125
0 0.2 0.29609375 0.09453125 0.09609375
0 0.14921875 0.278125 0.08984375 0.07109375
0 0.12421875 0.1875 0.07578125 0.03671875
0 0.12734375 0.23515625 0.07109375 0.05
0 0.178125 0.21171875 0.07421875 0.059375
0 0.2265625 0.23125 0.0671875 0.0671875
0 0.1734375 0.18125 0.07734375 0.06875
0 0.14375 0.13125 0.0625 0.0625
0 0.178125 0.09921875 0.0671875 0.07265625
0 0.221875 0.128125 0.0578125 0.08828125
0 0.2953125 0.3609375 0.046875 0.053125
0 0.30625 0.33515625 0.03671875 0.03984375
0 0.3515625 0.38359375 0.05 0.059375
0 0.36640625 0.340625 0.0578125 0.0546875
0 0.36328125 0.54921875 0.121875 0.059375
0 0.40703125 0.51640625 0.0453125 0.0421875
0 0.371875 0.5078125 0.046875 0.0578125
0 0.44921875 0.52421875 0.059375 0.03515625
0 0.45234375 0.48359375 0.08203125 0.03828125
0 0.48828125 0.5171875 0.05 0.053125
0 0.49765625 0.4796875 0.03984375 0.03984375
0 0.5296875 0.5 0.059375 0.0640625
0 0.3890625 0.59609375 0.09296875 0.07421875
0 0.446875 0.60859375 0.08359375 0.08203125
0 0.4671875 0.67890625 0.059375 0.05
0 0.4875 0.62421875 0.0578125 0.046875
0 0.43125 0.6609375 0.0546875 0.0546875
0 0.52421875 0.66640625 0.07734375 0.08203125
0 0.4796875 0.77578125 0.059375 0.059375
0 0.6375 0.98671875 0.06875 0.0265625
0 0.703125 0.98203125 0.05625 0.03515625
0 0.73046875 0.9921875 0.0640625 0.015625
0 0.80234375 0.97734375 0.07734375 0.0453125
0 0.7953125 0.94453125 0.1078125 0.1015625
0 0.68125 0.96875 0.04375 0.05
0 0.7171875 0.9578125 0.0515625 0.0515625
0 0.5953125 0.9609375 0.07578125 0.03671875
0 0.6125 0.98203125 0.0671875 0.03515625
0 0.6125 0.9484375 0.0546875 0.0515625
0 0.6671875 0.93515625 0.07109375 0.059375
0 0.559375 0.896875 0.0453125 0.0671875
0 0.61015625 0.9078125 0.05625 0.053125
0 0.65 0.8671875 0.0625 0.08203125
0 0.55625 0.83984375 0.08984375 0.07578125
0 0.828125 0.79765625 0.0546875 0.0671875
0 0.7890625 0.79375 0.0546875 0.06875
0 0.7296875 0.82734375 0.08671875 0.0625
0 0.74765625 0.7734375 0.08359375 0.0640625
0 0.67421875 0.8265625 0.07890625 0.0640625
0 0.6078125 0.81875 0.08671875 0.07890625
0 0.6390625 0.8 0.05625 0.06875
0 0.6765625 0.7734375 0.07734375 0.07109375
0 0.5828125 0.778125 0.06875 0.0609375
0 0.58828125 0.72734375 0.07109375 0.059375
0 0.64765625 0.7546875 0.0671875 0.059375
0 0.984375 0.684375 0.03046875 0.08203125
0 0.97578125 0.559375 0.0484375 0.103125
0 0.984375 0.48359375 0.03046875 0.07109375
0 0.4921875 0.56796875 0.08671875 0.1015625
0 0.575 0.575 0.1140625 0.1140625
0 0.628125 0.50234375 0.06875 0.07265625
0 0.67421875 0.52265625 0.046875 0.0640625
0 0.7171875 0.51484375 0.08671875 0.07109375
0 0.703125 0.4796875 0.06875 0.0625
0 0.5984375 0.47890625 0.0640625 0.07734375
0 0.5375 0.44296875 0.08828125 0.08828125
0 0.54375 0.36484375 0.115625 0.09296875
0 0.496875 0.25625 0.121875 0.09140625
0 0.49296875 0.19296875 0.13046875 0.09296875
0 0.609375 0.209375 0.08359375 0.07109375
0 0.5640625 0.2984375 0.07421875 0.08203125
0 0.50625 0.33046875 0.07421875 0.08828125
0 0.6375 0.1625 0.065625 0.07421875
0 0.5984375 0.15625 0.0671875 0.08359375
0 0.478125 0.1140625 0.09453125 0.103125
0 0.53828125 0.12578125 0.07421875 0.07421875
0 0.58203125 0.109375 0.0609375 0.0609375
0 0.63671875 0.12265625 0.08984375 0.046875
0 0.64765625 0.11015625 0.08671875 0.07265625
0 0.68125 0.0890625 0.06875 0.07265625
0 0.76015625 0.07109375 0.0609375 0.0515625
0 0.8140625 0.0546875 0.059375 0.0609375
0 0.4671875 0.0640625 0.1015625 0.0671875
0 0.584375 0.03359375 0.13359375 0.0671875
0 0.4515625 0.03203125 0.11875 0.0640625
0 0.5125 0.034375 0.0609375 0.06875
0 0.66640625 0.4375 0.07265625 0.0640625
0 0.62890625 0.38515625 0.0671875 0.07890625
0 0.678125 0.3953125 0.0453125 0.0671875
0 0.65234375 0.33984375 0.07734375 0.053125
0 0.39765625 0.2703125 0.03671875 0.03203125
0 0.37109375 0.30234375 0.03203125 0.03203125
0 0.40390625 0.3078125 0.03203125 0.03671875
0 0.3703125 0.275 0.03046875 0.03203125
0 0.74453125 0.4015625 0.08359375 0.07734375
0 0.80234375 0.434375 0.07734375 0.07734375
0 0.8390625 0.484375 0.10625 0.065625
0 0.85390625 0.45234375 0.07109375 0.0625
0 0.8703125 0.3984375 0.1140625 0.07734375
0 0.91015625 0.46796875 0.09609375 0.1
0 0.97734375 0.4171875 0.0453125 0.065625
0 0.9609375 0.3546875 0.078125 0.0875
0 0.984375 0.359375 0.03046875 0.1234375
0 0.9890625 0.31875 0.021875 0.0875
0 0.95078125 0.23203125 0.06875 0.059375
0 0.9703125 0.27421875 0.046875 0.05
0 0.984375 0.253125 0.03046875 0.09140625
0 0.82734375 0.1484375 0.08203125 0.08515625
0 0.0109375 0.29375 0.021875 0.10625
0 0.94296875 0.1921875 0.0625 0.065625
0 0.96953125 0.16328125 0.0609375 0.1015625
0 0.896875 0.1390625 0.121875 0.07890625
0 0.85625 0.0328125 0.08203125 0.059375
0 0.86171875 0.0890625 0.07421875 0.06875
0 0.92109375 0.08203125 0.07734375 0.09296875
0 0.96328125 0.0453125 0.0640625 0.08984375
0 0.9171875 0.03125 0.1078125 0.0625
0 0.94140625 0.77109375 0.09140625 0.08515625
0 0.44453125 0.83359375 0.03046875 0.03359375
0 0.66640625 0.2859375 0.03984375 0.03515625