0 0.8546875 0.96640625 0.06796875 0.05703125
0 0.98984375 0.971875 0.0203125 0.034375
0 0.89375 0.92421875 0.0484375 0.05390625
0 0.84140625 0.90859375 0.08515625 0.08515625
0 0.7875 0.94375 0.0640625 0.109375
0 0.7375 0.9546875 0.059375 0.08359375
0 0.6984375 0.89921875 0.06796875 0.059375
0 0.6703125 0.9765625 0.090625 0.046875
0 0.68125 0.940625 0.0640625 0.04140625
0 0.8328125 0.81953125 0.05390625 0.059375
0 0.878125 0.80703125 0.05546875 0.059375
0 0.86875 0.77265625 0.04375 0.03828125
0 0.915625 0.7328125 0.06796875 0.059375
0 0.934375 0.66640625 0.0765625 0.059375
0 0.96328125 0.5671875 0.065625 0.05390625
0 0.89140625 0.6265625 0.03984375 0.0453125
0 0.84609375 0.7234375 0.075 0.0640625
0 0.84609375 0.65703125 0.08828125 0.0609375
0 0.82890625 0.609375 0.05390625 0.0625
0 0.8640625 0.56171875 0.03984375 0.0609375
0 0.81015625 0.54765625 0.03671875 0.0640625
0 0.78828125 0.56328125 0.02421875 0.0640625
0 0.75703125 0.584375 0.05546875 0.05
0 0.7671875 0.53203125 0.05546875 0.046875
0 0.71328125 0.52265625 0.03828125 0.04140625
0 0.68125 0.5546875 0.03671875 0.0609375
0 0.60078125 0.9671875 0.065625 0.065625
0 0.55625 0.97890625 0.1375 0.04140625
0 0.07109375 0.9875 0.1421875 0.02421875
0 0.053125 0.9453125 0.078125 0.08828125
0 0.06328125 0.87421875 0.05703125 0.06796875
0 0.13203125 0.88046875 0.10390625 0.090625
0 0.4265625 0.940625 0.08828125 0.09375
0 0.48515625 0.875 0.03984375 0.059375
0 0.440625 0.87578125 0.065625 0.0640625
0 0.40546875 0.87734375 0.03671875 0.03671875
0 0.36796875 0.846875 0.0796875 0.07265625
0 0.31328125 0.84296875 0.046875 0.04375
0 0.28828125 0.8796875 0.06953125 0.03984375
0 0.2671875 0.825 0.0453125 0.059375
0 0.22890625 0.8234375 0.059375 0.03984375
0 0.18203125 0.8328125 0.059375 0.05703125
0 0.1328125 0.8046875 0.0953125 0.08125
0 0.0828125 0.7875 0.046875 0.0640625
0 0.09140625 0.73515625 0.05703125 0.05390625
0 0.16953125 0.7109375 0.11953125 0.1234375
0 0.14921875 0.54140625 0.0765625 0.0796875
0 0.0171875 0.6671875 0.034375 0.075
0 0.0125 0.5984375 0.02421875 0.0640625
0 0.04453125 0.54375 0.08828125 0.06953125
0 0.0203125 0.56015625 0.03984375 0.06796875
0 0.0546875 0.49765625 0.075 0.06796875
0 0.06484375 0.45078125 0.05390625 0.07109375
0 0.028125 0.4265625 0.05546875 0.09921875
0 0.0859375 0.4140625 0.078125 0.08515625
0 0.06484375 0.34921875 0.109375 0.11484375
0 0.07109375 0.2765625 0.0796875 0.06796875
0 0.12421875 0.24921875 0.0640625 0.109375
0 0.05234375 0.19609375 0.10390625 0.128125
0 0.01171875 0.25078125 0.0234375 0.1078125
0 0.13046875 0.1625 0.10390625 0.08828125
0 0.1421875 0.090625 0.1390625 0.11796875
0 0.40625 0.16875 0.13203125 0.13515625
0 0.16328125 0.01953125 0.1109375 0.0390625
0 0.3171875 0.13515625 0.1265625 0.09375
0 0.33671875 0.0671875 0.1109375 0.08828125
0 0.415625 0.0359375 0.07109375 0.0640625
0 0.4953125 0.040625 0.075 0.078125
0 0.58671875 0.09921875 0.07265625 0.059375
0 0.575 0.04375 0.06953125 0.0625
0 0.69453125 0.175 0.10390625 0.09375
0 0.65859375 0.26875 0.0640625 0.0625
0 0.61640625 0.20859375 0.09375 0.08359375
0 0.70078125 0.3359375 0.078125 0.0640625
0 0.6703125 0.39296875 0.065625 0.05
0 0.8109375 0.4515625 0.1390625 0.1421875
0 0.90546875 0.44375 0.0640625 0.078125
0 0.9875 0.39375 0.02421875 0.04140625
0 0.99453125 0.4609375 0.01015625 0.04375
0 0.7265625 0.39921875 0.0640625 0.065625
0 0.69375 0.46640625 0.0921875 0.078125
0 0.68046875 0.51328125 0.05546875 0.04375
0 0.64296875 0.5671875 0.0609375 0.075
0 0.57578125 0.6171875 0.11953125 0.075
0 0.55703125 0.55625 0.0796875 0.075
0 0.45078125 0.48359375 0.08828125 0.08125
0 0.3921875 0.4734375 0.0625 0.078125
0 0.3203125 0.46640625 0.09921875 0.05703125
0 0.34296875 0.41171875 0.08125 0.07265625
0 0.209375 0.4703125 0.13046875 0.090625
0 0.5015625 0.825 0.09375 0.06953125
0 0.5140625 0.7703125 0.0796875 0.05390625
0 0.53359375 0.7234375 0.09921875 0.05390625
0 0.53359375 0.69765625 0.046875 0.03125
0 0.55625 0.65859375 0.13359375 0.07109375
0 0.253125 0.403125 0.128125 0.128125
0 0.61796875 0.4125 0.08359375 0.08515625
0 0.54375 0.44375 0.09375 0.0953125
0 0.65546875 0.07578125 0.11640625 0.08125
0 0.64921875 0.13984375 0.0796875 0.08828125
0 0.740625 0.05078125 0.075 0.1015625
0 0.859375 0.084375 0.0796875 0.0640625
0 0.803125 0.05703125 0.0640625 0.06953125
0 0.92421875 0.03125 0.09921875 0.0625
0 0.828125 0.02734375 0.13125 0.0546875
0 0.990625 0.2 0.01875 0.034375
0 0.3640625 0.92265625 0.0609375 0.08515625
0 0.8046875 0.75546875 0.0640625 0.06953125
0 0.46796875 0.390625 0.07109375 0.0484375
0 0.525 0.2125 0.05703125 0.03984375
0 0.5421875 0.16328125 0.05 0.04140625
0 0.34453125 0.01640625 0.05390625 0.0328125