0 0.928125 0.9734375 0.0734375 0.05234375
0 0.97890625 0.97265625 0.0421875 0.05390625
0 0.671875 0.94921875 0.1453125 0.1015625
0 0.5828125 0.99375 0.07890625 0.0125
0 0.81015625 0.97890625 0.03984375 0.0421875
0 0.78046875 0.971875 0.06796875 0.05625
0 0.75703125 0.99140625 0.059375 0.0171875
0 0.021875 0.95859375 0.04375 0.08203125
0 0.0328125 0.84453125 0.065625 0.0671875
0 0.0265625 0.8984375 0.05234375 0.090625
0 0.39765625 0.965625 0.075 0.06796875
0 0.45546875 0.9625 0.09609375 0.075
0 0.98984375 0.575 0.0203125 0.065625
0 0.9859375 0.49375 0.028125 0.1203125
0 0.9265625 0.54609375 0.09453125 0.11328125
0 0.98359375 0.5171875 0.0328125 0.053125
0 0.85078125 0.52734375 0.11328125 0.13828125
0 0.6375 0.82578125 0.0859375 0.11328125
0 0.68984375 0.7875 0.0890625 0.075
0 0.71875 0.6609375 0.12578125 0.0734375
0 0.70703125 0.7265625 0.12421875 0.08203125
0 0.61015625 0.63515625 0.09453125 0.0859375
0 0.5203125 0.628125 0.09609375 0.0890625
0 0.5046875 0.8265625 0.134375 0.11171875
0 0.48828125 0.90859375 0.0890625 0.06484375
0 0.43125 0.86171875 0.09296875 0.11875
0 0.36171875 0.8875 0.09453125 0.0890625
0 0.246875 0.88359375 0.15390625 0.1203125
0 0.03515625 0.78359375 0.0703125 0.090625
0 0.12734375 0.84609375 0.10859375 0.10859375
0 0.075 0.74921875 0.059375 0.075
0 0.140625 0.7625 0.0890625 0.08046875
0 0.3109375 0.82578125 0.06328125 0.08203125
0 0.38046875 0.83359375 0.10703125 0.1046875
0 0.28984375 0.73984375 0.05625 0.059375
0 0.1828125 0.68125 0.13828125 0.1203125
0 0.26640625 0.80625 0.0859375 0.08046875
0 0.20546875 0.78671875 0.0890625 0.0734375
0 0.753125 0.58359375 0.1015625 0.09453125
0 0.6734375 0.58125 0.08359375 0.103125
0 0.60078125 0.58203125 0.05078125 0.06328125
0 0.51796875 0.5765625 0.0578125 0.059375
0 0.2359375 0.63125 0.08359375 0.059375
0 0.0953125 0.57890625 0.075 0.05625
0 0.01328125 0.59765625 0.0265625 0.09453125
0 0.02734375 0.484375 0.05390625 0.1015625
0 0.115625 0.50078125 0.13984375 0.1203125
0 0.15390625 0.396875 0.10859375 0.11171875
0 0.03515625 0.40703125 0.0703125 0.12578125
0 0.046875 0.32265625 0.09375 0.1046875
0 0.1390625 0.28125 0.06484375 0.0703125
0 0.078125 0.27109375 0.0578125 0.059375
0 0.06796875 0.2140625 0.06328125 0.05390625
0 0.02890625 0.2515625 0.046875 0.059375
0 0.1625 0.0765625 0.0703125 0.1015625
0 0.21328125 0.071875 0.09453125 0.1046875
0 0.3109375 0.040625 0.115625 0.08125
0 0.209375 0.01796875 0.096875 0.0359375
0 0.4109375 0.0203125 0.059375 0.03984375
0 0.82421875 0.01796875 0.1171875 0.0359375
0 0.94921875 0.35859375 0.0421875 0.0453125
0 0.90859375 0.4109375 0.05078125 0.059375
0 0.86953125 0.35546875 0.05078125 0.075
0 0.8328125 0.3671875 0.04375 0.06328125
0 0.7875 0.35703125 0.05390625 0.0703125
0 0.75078125 0.36640625 0.046875 0.046875
0 0.78671875 0.29375 0.09453125 0.090625
0 0.81015625 0.43671875 0.06484375 0.059375
0 0.80859375 0.49375 0.06484375 0.05078125
0 0.76015625 0.49453125 0.05625 0.10859375
0 0.71328125 0.50078125 0.059375 0.1
0 0.66796875 0.4921875 0.0765625 0.11015625
0 0.625 0.509375 0.05390625 0.071875
0 0.56484375 0.5234375 0.10859375 0.07890625
0 0.53828125 0.46875 0.06640625 0.090625
0 0.603125 0.4640625 0.0765625 0.06484375
0 0.65703125 0.43203125 0.059375 0.06640625
0 0.575 0.40625 0.10859375 0.11328125
0 0.72109375 0.34140625 0.05078125 0.05390625
0 0.671875 0.36171875 0.06484375 0.08359375
0 0.6046875 0.34609375 0.0703125 0.0703125
0 0.48828125 0.31875 0.10703125 0.06484375
0 0.56015625 0.3296875 0.0578125 0.0609375
0 0.6703125 0.303125 0.05078125 0.06484375
0 0.7125 0.2890625 0.075 0.075
0 0.63359375 0.27265625 0.075 0.059375
0 0.53984375 0.259375 0.11875 0.103125
0 0.4734375 0.27421875 0.0703125 0.06328125
0 0.4359375 0.2328125 0.071875 0.0765625
0 0.384375 0.23203125 0.059375 0.05078125
0 0.33984375 0.21640625 0.05390625 0.059375
0 0.57109375 0.1953125 0.075 0.06796875
0 0.5203125 0.20078125 0.06484375 0.059375
0 0.7109375 0.23671875 0.07890625 0.06484375
0 0.9703125 0.24375 0.059375 0.0609375
0 0.9453125 0.2 0.0609375 0.06796875
0 0.9921875 0.184375 0.015625 0.06484375
0 0.9625 0.14453125 0.05078125 0.075
0 0.903125 0.16796875 0.09609375 0.13671875
0 0.825 0.1703125 0.08046875 0.1
0 0.77265625 0.18515625 0.0453125 0.04921875
0 0.73203125 0.2 0.05390625 0.0609375
0 0.6703125 0.16171875 0.071875 0.07890625
0 0.77734375 0.11171875 0.0890625 0.09453125
0 0.73359375 0.1390625 0.06484375 0.08203125
0 0.67734375 0.1125 0.05390625 0.05390625
0 0.6953125 0.07109375 0.075 0.075
0 0.66640625 0.04140625 0.090625 0.08203125
0 0.7296875 0.03046875 0.09609375 0.0609375
0 0.8546875 0.065625 0.10859375 0.1
0 0.5609375 0.096875 0.1046875 0.103125
0 0.41875 0.47890625 0.06484375 0.0734375
0 0.36328125 0.4828125 0.08359375 0.0734375