0 0.01484375 0.97265625 0.0296875 0.0546875
0 0.01328125 0.93828125 0.02578125 0.07109375
0 0.0296875 0.9453125 0.05 0.06015625
0 0.015625 0.9046875 0.03046875 0.06640625
0 0.03046875 0.88984375 0.0609375 0.0703125
0 0.00546875 0.81484375 0.0109375 0.0890625
0 0.06875 0.81875 0.0859375 0.0859375
0 0.009375 0.75546875 0.01875 0.0640625
0 0.01875 0.690625 0.0375 0.0765625
0 0.06484375 0.69921875 0.084375 0.0796875
0 0.03203125 0.65859375 0.06328125 0.06015625
0 0.096875 0.6328125 0.0796875 0.05546875
0 0.16953125 0.63046875 0.06015625 0.06015625
0 0.21171875 0.65546875 0.06015625 0.06484375
0 0.190625 0.7765625 0.0828125 0.0921875
0 0.3171875 0.98203125 0.0765625 0.0359375
0 0.31640625 0.94296875 0.06171875 0.06484375
0 0.32578125 0.91328125 0.06953125 0.02734375
0 0.28359375 0.88671875 0.0796875 0.075
0 0.2796875 0.80625 0.06953125 0.06015625
0 0.3140625 0.83984375 0.06953125 0.06640625
0 0.3171875 0.775 0.0828125 0.06953125
0 0.26875 0.73671875 0.0734375 0.09453125
0 0.3171875 0.68515625 0.10859375 0.09453125
0 0.24765625 0.62109375 0.0734375 0.06015625
0 0.275 0.6015625 0.06640625 0.046875
0 0.32890625 0.615625 0.06953125 0.05546875
0 0.2921875 0.640625 0.06796875 0.046875
0 0.034375 0.59921875 0.06171875 0.075
0 0.078125 0.5765625 0.05546875 0.05546875
0 0.0234375 0.53671875 0.046875 0.06015625
0 0.02578125 0.50546875 0.0515625 0.05703125
0 0.15703125 0.49921875 0.05390625 0.06953125
0 0.0109375 0.20078125 0.02109375 0.0796875
0 0.0359375 0.11875 0.07109375 0.1171875
0 0.07890625 0.10078125 0.0921875 0.0875
0 0.13671875 0.57578125 0.06796875 0.10546875
0 0.18984375 0.56640625 0.09453125 0.09765625
0 0.221875 0.54609375 0.0765625 0.11171875
0 0.246875 0.48671875 0.06171875 0.084375
0 0.2171875 0.4453125 0.075 0.0796875
0 0.18984375 0.346875 0.0875 0.0828125
0 0.184375 0.27578125 0.09609375 0.09765625
0 0.1328125 0.2578125 0.090625 0.07109375
0 0.1078125 0.16640625 0.0765625 0.0375
0 0.11015625 0.21484375 0.07109375 0.05
0 0.1625 0.190625 0.075 0.06015625
0 0.2109375 0.2109375 0.06796875 0.06796875
0 0.1578125 0.16015625 0.078125 0.06953125
0 0.12734375 0.109375 0.06328125 0.06328125
0 0.1625 0.07734375 0.06796875 0.0734375
0 0.20625 0.10625 0.05859375 0.0890625
0 0.2796875 0.34140625 0.046875 0.05390625
0 0.29140625 0.315625 0.0375 0.040625
0 0.33671875 0.3640625 0.05 0.06015625
0 0.35234375 0.32109375 0.05859375 0.05546875
0 0.34921875 0.53203125 0.1234375 0.06015625
0 0.39296875 0.4984375 0.0453125 0.0421875
0 0.3578125 0.490625 0.046875 0.05859375
0 0.4359375 0.50625 0.06015625 0.0359375
0 0.4390625 0.465625 0.0828125 0.0390625
0 0.475 0.49921875 0.05 0.05390625
0 0.484375 0.46171875 0.040625 0.040625
0 0.5171875 0.48203125 0.06015625 0.06484375
0 0.375 0.5796875 0.09453125 0.075
0 0.43359375 0.59140625 0.084375 0.0828125
0 0.45390625 0.66328125 0.06015625 0.05
0 0.47421875 0.6078125 0.05859375 0.046875
0 0.4171875 0.64453125 0.05546875 0.05546875
0 0.51171875 0.65 0.078125 0.0828125
0 0.46640625 0.7609375 0.06015625 0.06015625
0 0.62578125 0.9796875 0.06953125 0.040625
0 0.6921875 0.97578125 0.05703125 0.0484375
0 0.72109375 0.98515625 0.06484375 0.02890625
0 0.7921875 0.97109375 0.078125 0.0578125
0 0.78515625 0.93125 0.10859375 0.10234375
0 0.66953125 0.95546875 0.04375 0.05
0 0.70625 0.94453125 0.0515625 0.0515625
0 0.58359375 0.946875 0.0765625 0.0375
0 0.60078125 0.97578125 0.06796875 0.0484375
0 0.60078125 0.93515625 0.05546875 0.0515625
0 0.65546875 0.92109375 0.07109375 0.06015625
0 0.546875 0.8828125 0.0453125 0.06796875
0 0.5984375 0.89375 0.05703125 0.05390625
0 0.6390625 0.853125 0.06328125 0.0828125
0 0.54375 0.82578125 0.090625 0.0765625
0 0.81796875 0.7828125 0.05546875 0.06796875
0 0.77890625 0.778125 0.05546875 0.06953125
0 0.71953125 0.8125 0.0875 0.06328125
0 0.73671875 0.7578125 0.084375 0.06484375
0 0.66328125 0.81171875 0.0796875 0.06484375
0 0.59609375 0.8046875 0.0875 0.0796875
0 0.62734375 0.78515625 0.05703125 0.06953125
0 0.665625 0.7578125 0.078125 0.07109375
0 0.5703125 0.76328125 0.06953125 0.06171875
0 0.5765625 0.71171875 0.07109375 0.06015625
0 0.63671875 0.7390625 0.06796875 0.06015625
0 0.98046875 0.66796875 0.0390625 0.0828125
0 0.97109375 0.54296875 0.0578125 0.1046875
0 0.98046875 0.465625 0.0390625 0.07109375
0 0.47890625 0.55078125 0.0875 0.10234375
0 0.5625 0.5578125 0.115625 0.115625
0 0.61640625 0.484375 0.06953125 0.0734375
0 0.66328125 0.5046875 0.046875 0.06484375
0 0.70625 0.496875 0.0875 0.07109375
0 0.6921875 0.46171875 0.06953125 0.06328125
0 0.5859375 0.4609375 0.06484375 0.078125
0 0.525 0.42421875 0.0890625 0.0890625
0 0.53046875 0.34609375 0.1171875 0.09453125
0 0.48359375 0.2359375 0.1234375 0.0921875
0 0.4796875 0.171875 0.13125 0.09453125
0 0.59765625 0.18828125 0.084375 0.07109375
0 0.5515625 0.278125 0.075 0.0828125
0 0.49375 0.3109375 0.075 0.0890625
0 0.62578125 0.14140625 0.06640625 0.075
0 0.5859375 0.134375 0.06796875 0.084375
0 0.46484375 0.0921875 0.09609375 0.10390625
0 0.52578125 0.10390625 0.075 0.075
0 0.56953125 0.0875 0.06171875 0.06171875
0 0.625 0.1015625 0.090625 0.046875
0 0.63671875 0.08828125 0.0875 0.0734375
0 0.66953125 0.0671875 0.06953125 0.0734375
0 0.75 0.0484375 0.06171875 0.0515625
0 0.8046875 0.0328125 0.06015625 0.06171875
0 0.45390625 0.0421875 0.10234375 0.06796875
0 0.571875 0.02265625 0.134375 0.0453125
0 0.43828125 0.02109375 0.1203125 0.0421875
0 0.5 0.0234375 0.06171875 0.046875
0 0.6546875 0.41875 0.0734375 0.06484375
0 0.6171875 0.36640625 0.06796875 0.0796875
0 0.6671875 0.3765625 0.0453125 0.06796875
0 0.64140625 0.3203125 0.078125 0.05390625
0 0.38359375 0.25 0.0375 0.0328125
0 0.35703125 0.2828125 0.0328125 0.0328125
0 0.38984375 0.28828125 0.0328125 0.0375
0 0.35625 0.2546875 0.03046875 0.0328125
0 0.73359375 0.3828125 0.084375 0.078125
0 0.7921875 0.415625 0.078125 0.078125
0 0.8296875 0.46640625 0.10703125 0.06640625
0 0.84453125 0.434375 0.07109375 0.06328125
0 0.8609375 0.3796875 0.115625 0.078125
0 0.90078125 0.45 0.09765625 0.10078125
0 0.97265625 0.39921875 0.0546875 0.0671875
0 0.953125 0.334375 0.078125 0.0875
0 0.98046875 0.33984375 0.0390625 0.125
0 0.98515625 0.2984375 0.02890625 0.0875
0 0.9421875 0.21171875 0.06953125 0.06015625
0 0.96171875 0.25390625 0.046875 0.05
0 0.98046875 0.2328125 0.0390625 0.0921875
0 0.8171875 0.12734375 0.0828125 0.0859375
0 0.934375 0.17109375 0.06328125 0.06640625
0 0.96484375 0.1421875 0.06953125 0.10234375
0 0.88828125 0.11796875 0.1234375 0.0796875
0 0.846875 0.0203125 0.0828125 0.040625
0 0.85234375 0.0671875 0.075 0.06953125
0 0.9125 0.06015625 0.078125 0.09453125
0 0.9546875 0.034375 0.06484375 0.06796875
0 0.90859375 0.0203125 0.10859375 0.040625
0 0.9328125 0.75546875 0.0921875 0.0859375
0 0.43125 0.81875 0.03046875 0.034375
0 0.6546875 0.26640625 0.040625 0.0359375