0 0.08984375 0.98984375 0.0703125 0.0203125
0 0.08359375 0.95703125 0.0640625 0.065625
0 0.1390625 0.96171875 0.0640625 0.07578125
0 0.0859375 0.88984375 0.0671875 0.05703125
0 0.046875 0.8484375 0.0484375 0.05390625
0 0.09921875 0.8328125 0.08515625 0.08515625
0 0.153125 0.86796875 0.0640625 0.109375
0 0.20234375 0.87890625 0.05859375 0.0828125
0 0.24140625 0.8234375 0.0671875 0.05859375
0 0.26953125 0.91328125 0.08984375 0.07265625
0 0.25859375 0.86484375 0.0640625 0.04140625
0 0.1078125 0.74375 0.05390625 0.05859375
0 0.0625 0.73203125 0.05546875 0.05859375
0 0.071875 0.696875 0.04296875 0.03828125
0 0.0296875 0.6578125 0.05859375 0.05859375
0 0.02265625 0.59140625 0.0453125 0.05859375
0 0.04921875 0.5515625 0.03984375 0.0453125
0 0.09453125 0.64765625 0.07421875 0.0640625
0 0.09453125 0.58203125 0.08828125 0.0609375
0 0.11171875 0.534375 0.05390625 0.0625
0 0.07734375 0.48671875 0.03984375 0.0609375
0 0.13046875 0.4734375 0.03671875 0.0640625
0 0.15234375 0.4890625 0.02421875 0.0640625
0 0.18359375 0.509375 0.05546875 0.05
0 0.17265625 0.4578125 0.05546875 0.046875
0 0.2265625 0.4484375 0.03828125 0.04140625
0 0.25859375 0.48046875 0.03671875 0.0609375
0 0.3390625 0.89296875 0.065625 0.06953125
0 0.38359375 0.9296875 0.13671875 0.0953125
0 0.403125 0.96953125 0.10390625 0.0609375
0 0.41953125 0.9828125 0.109375 0.034375
0 0.503125 0.975 0.10703125 0.05
0 0.5859375 0.98984375 0.08125 0.0203125
0 0.70703125 0.94296875 0.05390625 0.05546875
0 0.87265625 0.95 0.15390625 0.1
0 0.90234375 0.984375 0.175 0.03125
0 0.97578125 0.9578125 0.0484375 0.05390625
0 0.97578125 0.7625 0.0484375 0.09140625
0 0.88515625 0.86953125 0.078125 0.08828125
0 0.87421875 0.7984375 0.05703125 0.0671875
0 0.80625 0.8046875 0.10390625 0.08984375
0 0.51328125 0.86484375 0.08828125 0.09375
0 0.45390625 0.79921875 0.03984375 0.05859375
0 0.4984375 0.8 0.065625 0.0640625
0 0.53359375 0.8015625 0.03671875 0.03671875
0 0.57109375 0.771875 0.0796875 0.07265625
0 0.62578125 0.7671875 0.046875 0.04296875
0 0.65078125 0.80390625 0.06953125 0.03984375
0 0.67109375 0.74921875 0.0453125 0.05859375
0 0.709375 0.7484375 0.05859375 0.03984375
0 0.75625 0.75703125 0.05859375 0.05703125
0 0.80546875 0.72890625 0.0953125 0.08125
0 0.85546875 0.71171875 0.046875 0.0640625
0 0.846875 0.66015625 0.05703125 0.05390625
0 0.76875 0.6359375 0.11953125 0.12265625
0 0.7890625 0.4671875 0.07578125 0.0796875
0 0.9390625 0.5921875 0.07265625 0.07421875
0 0.94921875 0.5234375 0.07109375 0.0640625
0 0.9 0.46875 0.1 0.06953125
0 0.92890625 0.48515625 0.0625 0.0671875
0 0.97578125 0.41953125 0.0484375 0.109375
0 0.88359375 0.42265625 0.07421875 0.0671875
0 0.87265625 0.3765625 0.05390625 0.07109375
0 0.91875 0.35234375 0.07265625 0.0984375
0 0.85234375 0.33984375 0.078125 0.08515625
0 0.87265625 0.275 0.109375 0.1140625
0 0.86640625 0.203125 0.0796875 0.0671875
0 0.8140625 0.17578125 0.0640625 0.109375
0 0.88671875 0.12265625 0.10546875 0.128125
0 0.95078125 0.1765625 0.07109375 0.10703125
0 0.98359375 0.13515625 0.0328125 0.0796875
0 0.8078125 0.0890625 0.10390625 0.08828125
0 0.79609375 0.03828125 0.13828125 0.07578125
0 0.5328125 0.0953125 0.13125 0.13515625
0 0.621875 0.0625 0.1265625 0.09375
0 0.60234375 0.01953125 0.1109375 0.0390625
0 0.35234375 0.028125 0.0734375 0.05625
0 0.2453125 0.10234375 0.10390625 0.09375
0 0.28125 0.1953125 0.0640625 0.0625
0 0.3234375 0.13515625 0.09375 0.0828125
0 0.23984375 0.2625 0.078125 0.0640625
0 0.26953125 0.31953125 0.065625 0.05
0 0.1296875 0.37734375 0.13828125 0.1421875
0 0.03515625 0.36953125 0.0640625 0.078125
0 0.21328125 0.325 0.0640625 0.065625
0 0.246875 0.3921875 0.09140625 0.078125
0 0.259375 0.43828125 0.05546875 0.04296875
0 0.296875 0.4921875 0.0609375 0.07421875
0 0.3640625 0.5421875 0.11953125 0.07421875
0 0.38203125 0.48203125 0.0796875 0.07421875
0 0.4890625 0.409375 0.08828125 0.08125
0 0.546875 0.3984375 0.0625 0.078125
0 0.61875 0.3921875 0.0984375 0.05703125
0 0.59609375 0.3375 0.08125 0.07265625
0 0.72890625 0.39609375 0.1296875 0.08984375
0 0.4375 0.74921875 0.09375 0.06953125
0 0.42578125 0.69453125 0.0796875 0.05390625
0 0.40546875 0.64765625 0.0984375 0.05390625
0 0.40546875 0.62265625 0.046875 0.03125
0 0.38359375 0.58359375 0.13359375 0.07109375
0 0.68515625 0.32890625 0.128125 0.128125
0 0.321875 0.33828125 0.0828125 0.08515625
0 0.39609375 0.36953125 0.09375 0.0953125
0 0.284375 0.021875 0.115625 0.04296875
0 0.290625 0.06640625 0.0796875 0.08828125
0 0.2 0.0140625 0.07421875 0.02734375
0 0.08125 0.021875 0.0796875 0.04296875
0 0.1375 0.009375 0.0640625 0.01875
0 0.96875 0.878125 0.05859375 0.0640625
0 0.9953125 0.825 0.00859375 0.0796875
0 0.575 0.846875 0.0609375 0.08515625
0 0.1359375 0.6796875 0.0640625 0.06953125
0 0.47109375 0.31640625 0.07109375 0.0484375
0 0.4140625 0.1390625 0.05703125 0.03984375
0 0.396875 0.08984375 0.05 0.04140625
0 0.9859375 0.0234375 0.02734375 0.046875