0 0.1109375 0.91640625 0.06640625 0.07421875
0 0.05390625 0.96875 0.1078125 0.06171875
0 0.04609375 0.91171875 0.0765625 0.06796875
0 0.34375 0.90078125 0.13203125 0.13203125
0 0.42421875 0.94375 0.07109375 0.05546875
0 0.48984375 0.97265625 0.1125 0.05390625
0 0.56640625 0.97734375 0.0828125 0.0453125
0 0.21796875 0.91171875 0.03671875 0.04609375
0 0.2453125 0.9015625 0.06171875 0.05078125
0 0.26640625 0.9328125 0.05390625 0.04296875
0 0.95703125 0.91328125 0.0859375 0.121875
0 0.92734375 0.78515625 0.06328125 0.06171875
0 0.93125 0.83515625 0.04921875 0.0828125
0 0.59296875 0.90390625 0.06796875 0.078125
0 0.540625 0.903125 0.0875 0.0890625
0 0.0328125 0.540625 0.06484375 0.05859375
0 0.0359375 0.4671875 0.07109375 0.109375
0 0.1125 0.51484375 0.0859375 0.103125
0 0.05078125 0.48828125 0.05078125 0.04921875
0 0.18203125 0.49765625 0.103125 0.12578125
0 0.37578125 0.76875 0.078125 0.103125
0 0.328125 0.734375 0.08125 0.06796875
0 0.3015625 0.61875 0.1140625 0.06640625
0 0.31171875 0.67890625 0.1125 0.07421875
0 0.4 0.59609375 0.0859375 0.078125
0 0.48203125 0.58984375 0.0875 0.08125
0 0.49609375 0.76953125 0.121875 0.1015625
0 0.51015625 0.84375 0.08125 0.05859375
0 0.5625 0.8015625 0.084375 0.1078125
0 0.62578125 0.82421875 0.0859375 0.08125
0 0.73046875 0.82109375 0.13984375 0.109375
0 0.92421875 0.73046875 0.06796875 0.0828125
0 0.83828125 0.7875 0.0984375 0.0984375
0 0.8859375 0.69921875 0.05390625 0.06796875
0 0.8265625 0.7109375 0.08125 0.07265625
0 0.67109375 0.76875 0.05703125 0.07421875
0 0.60859375 0.7765625 0.096875 0.0953125
0 0.690625 0.690625 0.05078125 0.05390625
0 0.78828125 0.6375 0.12578125 0.109375
0 0.71171875 0.75078125 0.078125 0.07265625
0 0.7671875 0.73359375 0.08125 0.06640625
0 0.26953125 0.54921875 0.0921875 0.0859375
0 0.34296875 0.546875 0.0765625 0.09375
0 0.40859375 0.54765625 0.04609375 0.05703125
0 0.48359375 0.54296875 0.05234375 0.05390625
0 0.73984375 0.5921875 0.0765625 0.05390625
0 0.8671875 0.54453125 0.06796875 0.05078125
0 0.95703125 0.56171875 0.05390625 0.0859375
0 0.97109375 0.55078125 0.05703125 0.1046875
0 0.95078125 0.45859375 0.0921875 0.0921875
0 0.84921875 0.4734375 0.12734375 0.109375
0 0.8140625 0.3796875 0.0984375 0.1015625
0 0.9390625 0.3890625 0.096875 0.1140625
0 0.9171875 0.3109375 0.0953125 0.0953125
0 0.828125 0.27421875 0.05859375 0.06328125
0 0.9703125 0.23828125 0.05859375 0.06328125
0 0.88359375 0.26484375 0.05234375 0.05390625
0 0.8921875 0.21328125 0.05703125 0.04921875
0 0.928125 0.24765625 0.04296875 0.05390625
0 0.80625 0.0890625 0.06328125 0.0921875
0 0.76015625 0.084375 0.0859375 0.0953125
0 0.67109375 0.04609375 0.1046875 0.0921875
0 0.7640625 0.02578125 0.0875 0.05078125
0 0.58125 0.028125 0.05390625 0.05546875
0 0.20546875 0.02578125 0.10625 0.05078125
0 0.02421875 0.09453125 0.0484375 0.1171875
0 0.0921875 0.34453125 0.03828125 0.04140625
0 0.1296875 0.3921875 0.04609375 0.05390625
0 0.1640625 0.3421875 0.04609375 0.06796875
0 0.19765625 0.35234375 0.03984375 0.05703125
0 0.2390625 0.34296875 0.04921875 0.06328125
0 0.271875 0.3515625 0.04296875 0.04296875
0 0.23984375 0.2859375 0.0859375 0.0828125
0 0.21796875 0.415625 0.05859375 0.05390625
0 0.21953125 0.4671875 0.05859375 0.04609375
0 0.26328125 0.46796875 0.05078125 0.0984375
0 0.30625 0.4734375 0.05390625 0.090625
0 0.34765625 0.465625 0.06953125 0.1
0 0.38671875 0.48203125 0.04921875 0.06484375
0 0.44140625 0.49453125 0.0984375 0.07109375
0 0.46484375 0.44453125 0.06015625 0.0828125
0 0.40625 0.440625 0.06953125 0.05859375
0 0.35703125 0.4109375 0.05390625 0.06015625
0 0.43203125 0.38828125 0.0984375 0.103125
0 0.29921875 0.3296875 0.04609375 0.04921875
0 0.34375 0.34765625 0.05859375 0.0765625
0 0.4046875 0.33359375 0.06328125 0.06328125
0 0.51015625 0.30859375 0.096875 0.05859375
0 0.4453125 0.31796875 0.05234375 0.05546875
0 0.3453125 0.29453125 0.04609375 0.05859375
0 0.30703125 0.28203125 0.06796875 0.06796875
0 0.37890625 0.26640625 0.06796875 0.05390625
0 0.46328125 0.2546875 0.1078125 0.09375
0 0.5234375 0.26796875 0.06328125 0.05703125
0 0.5578125 0.23046875 0.06484375 0.06953125
0 0.6046875 0.2296875 0.05390625 0.04609375
0 0.6453125 0.215625 0.04921875 0.05390625
0 0.4359375 0.19609375 0.06796875 0.06171875
0 0.48203125 0.2015625 0.05859375 0.05390625
0 0.30859375 0.234375 0.07109375 0.05859375
0 0.02890625 0.22421875 0.05703125 0.05546875
0 0.0703125 0.240625 0.05859375 0.05546875
0 0.09609375 0.20078125 0.05546875 0.06171875
0 0.03515625 0.18671875 0.05078125 0.05859375
0 0.08046875 0.15 0.04609375 0.06796875
0 0.134375 0.17109375 0.0875 0.1234375
0 0.2046875 0.1734375 0.07265625 0.090625
0 0.25234375 0.1875 0.04140625 0.04453125
0 0.28984375 0.20078125 0.04921875 0.05546875
0 0.3453125 0.165625 0.06484375 0.07109375
0 0.2484375 0.1203125 0.08125 0.0859375
0 0.28828125 0.1453125 0.05859375 0.07421875
0 0.3390625 0.12109375 0.04921875 0.04921875
0 0.32265625 0.08359375 0.06796875 0.06796875
0 0.34921875 0.04765625 0.0828125 0.0921875
0 0.29140625 0.0375 0.0875 0.07421875
0 0.178125 0.07890625 0.0984375 0.090625
0 0.44453125 0.10703125 0.0953125 0.09375
0 0.5734375 0.45390625 0.05859375 0.06640625
0 0.6234375 0.45703125 0.0765625 0.06640625