0 0.7078125 0.028125 0.0703125 0.05625
0 0.696875 0.065625 0.06796875 0.06796875
0 0.91328125 0.12421875 0.0609375 0.0734375
0 0.98046875 0.38046875 0.03828125 0.06484375
0 0.94296875 0.36875 0.05078125 0.0703125
0 0.896875 0.39765625 0.0703125 0.07890625
0 0.921875 0.446875 0.06484375 0.08203125
0 0.97109375 0.4765625 0.0578125 0.12734375
0 0.98515625 0.6171875 0.0296875 0.1046875
0 0.95546875 0.56640625 0.05078125 0.0453125
0 0.953125 0.60703125 0.05625 0.0734375
0 0.9203125 0.5609375 0.05390625 0.06640625
0 0.88359375 0.546875 0.05078125 0.0421875
0 0.83671875 0.5171875 0.06796875 0.05625
0 0.85859375 0.596875 0.08046875 0.07890625
0 0.89453125 0.6515625 0.075 0.11328125
0 0.78828125 0.6109375 0.08046875 0.05078125
0 0.775 0.55390625 0.09609375 0.0734375
0 0.775 0.48203125 0.0578125 0.05390625
0 0.71484375 0.46953125 0.0703125 0.09296875
0 0.8953125 0.7453125 0.0453125 0.03984375
0 0.98359375 0.78359375 0.0328125 0.0390625
0 0.76953125 0.67578125 0.0703125 0.06484375
0 0.7453125 0.72890625 0.046875 0.0703125
0 0.7375 0.784375 0.03828125 0.05078125
0 0.728125 0.85703125 0.05390625 0.06328125
0 0.703125 0.934375 0.059375 0.05390625
0 0.7640625 0.94921875 0.0421875 0.0453125
0 0.7984375 0.96875 0.04375 0.04921875
0 0.91796875 0.9859375 0.059375 0.028125
0 0.6328125 0.9234375 0.0453125 0.03515625
0 0.58671875 0.90625 0.0296875 0.04375
0 0.83828125 0.3546875 0.075 0.090625
0 0.79140625 0.3140625 0.075 0.1
0 0.73359375 0.33359375 0.09296875 0.059375
0 0.69765625 0.28515625 0.0703125 0.08359375
0 0.65 0.2875 0.0453125 0.05078125
0 0.64609375 0.228125 0.0859375 0.06484375
0 0.6703125 0.18515625 0.046875 0.0453125
0 0.55703125 0.203125 0.06484375 0.059375
0 0.53984375 0.13359375 0.0703125 0.11015625
0 0.48359375 0.1328125 0.0890625 0.0703125
0 0.43984375 0.09453125 0.05078125 0.0453125
0 0.43828125 0.0484375 0.05390625 0.05390625
0 0.390625 0.06796875 0.07890625 0.059375
0 0.39609375 0.02734375 0.05078125 0.05390625
0 0.34453125 0.0265625 0.0734375 0.05234375
0 0.303125 0.11953125 0.11015625 0.1171875
0 0.1890625 0.09140625 0.0734375 0.06484375
0 0.1296875 0.065625 0.06640625 0.06484375
0 0.17421875 0.03515625 0.075 0.05625
0 0.1390625 0.01328125 0.0609375 0.0265625
0 0.0796875 0.028125 0.075 0.05625
0 0.0703125 0.25703125 0.0421875 0.0453125
0 0.0046875 0.2359375 0.00859375 0.03515625
0 0.01015625 0.41640625 0.0203125 0.0453125
0 0.34296875 0.8265625 0.0453125 0.059375
0 0.36328125 0.61875 0.0421875 0.0421875
0 0.66796875 0.43203125 0.09453125 0.0765625
0 0.60546875 0.3875 0.0890625 0.075
0 0.51015625 0.32421875 0.09453125 0.08203125
0 0.45546875 0.26484375 0.06484375 0.05390625