0 0.071875 0.021875 0.03125 0.0375
0 0.1046875 0.01171875 0.04375 0.0234375
0 0.275 0.084375 0.0625 0.05625
0 0.28515625 0.12109375 0.0609375 0.0609375
0 0.09140625 0.1734375 0.0546875 0.065625
0 0.02421875 0.40234375 0.0484375 0.0578125
0 0.06484375 0.3921875 0.0453125 0.0625
0 0.10625 0.41796875 0.0625 0.0703125
0 0.08359375 0.46171875 0.0578125 0.0734375
0 0.0328125 0.48828125 0.065625 0.1140625
0 0.0203125 0.6140625 0.040625 0.09375
0 0.05390625 0.56875 0.0453125 0.040625
0 0.05625 0.6046875 0.05 0.065625
0 0.08515625 0.5640625 0.0484375 0.059375
0 0.11796875 0.5515625 0.0453125 0.0375
0 0.16015625 0.525 0.0609375 0.05
0 0.140625 0.59609375 0.071875 0.0703125
0 0.10859375 0.64453125 0.0671875 0.1015625
0 0.203125 0.60859375 0.071875 0.0453125
0 0.21484375 0.5578125 0.0859375 0.065625
0 0.21484375 0.49296875 0.0515625 0.0484375
0 0.26875 0.48203125 0.0625 0.0828125
0 0.1078125 0.72890625 0.040625 0.0359375
0 0.02265625 0.76328125 0.0421875 0.0359375
0 0.2203125 0.66640625 0.0625 0.0578125
0 0.24140625 0.7140625 0.0421875 0.0625
0 0.2484375 0.76328125 0.034375 0.0453125
0 0.25703125 0.828125 0.0484375 0.05625
0 0.2796875 0.89765625 0.053125 0.0484375
0 0.225 0.9109375 0.0375 0.040625
0 0.19453125 0.928125 0.0390625 0.04375
0 0.11875 0.978125 0.05625 0.040625
0 0.0875 0.96015625 0.053125 0.0578125
0 0.3421875 0.8875 0.040625 0.03125
0 0.38359375 0.87265625 0.0265625 0.0390625
0 0.15859375 0.3796875 0.0671875 0.08125
0 0.20078125 0.34296875 0.0671875 0.0890625
0 0.25234375 0.3609375 0.0828125 0.053125
0 0.284375 0.3171875 0.0625 0.075
0 0.3265625 0.31953125 0.040625 0.0453125
0 0.33046875 0.26640625 0.0765625 0.0578125
0 0.30859375 0.228125 0.0421875 0.040625
0 0.41015625 0.24375 0.0578125 0.053125
0 0.425 0.18203125 0.0625 0.0984375
0 0.47578125 0.18125 0.0796875 0.0625
0 0.51484375 0.146875 0.0453125 0.040625
0 0.51640625 0.10546875 0.0484375 0.0484375
0 0.55859375 0.1234375 0.0703125 0.053125
0 0.55390625 0.08515625 0.0453125 0.0515625
0 0.6 0.0796875 0.065625 0.059375
0 0.63671875 0.16953125 0.0984375 0.1046875
0 0.7390625 0.14453125 0.065625 0.0578125
0 0.7921875 0.12109375 0.059375 0.0578125
0 0.75234375 0.09375 0.0671875 0.05
0 0.78359375 0.05390625 0.0546875 0.0640625
0 0.70078125 0.0296875 0.1140625 0.059375
0 0.83671875 0.07109375 0.0671875 0.0828125
0 0.8453125 0.2921875 0.0375 0.040625
0 0.915625 0.2734375 0.03125 0.03125
0 0.9125 0.434375 0.04375 0.040625
0 0.95546875 0.42578125 0.0453125 0.0453125
0 0.97578125 0.6625 0.0453125 0.059375
0 0.6015625 0.8015625 0.040625 0.053125
0 0.5828125 0.615625 0.0375 0.0375
0 0.3109375 0.4484375 0.084375 0.06875
0 0.36640625 0.40859375 0.0796875 0.0671875
0 0.4515625 0.35234375 0.084375 0.0734375
0 0.50078125 0.29921875 0.0578125 0.0484375