0 0.27890625 0.0265625 0.0703125 0.053125
0 0.290625 0.06328125 0.06796875 0.06796875
0 0.07578125 0.121875 0.0609375 0.07265625
0 0.0140625 0.37578125 0.028125 0.0640625
0 0.04609375 0.36484375 0.05 0.06953125
0 0.0921875 0.39296875 0.06953125 0.078125
0 0.0671875 0.4421875 0.0640625 0.08125
0 0.0234375 0.47109375 0.046875 0.1265625
0 0.009375 0.6109375 0.01875 0.10390625
0 0.03359375 0.5609375 0.05 0.0453125
0 0.03671875 0.60078125 0.05546875 0.07265625
0 0.06875 0.55546875 0.05390625 0.065625
0 0.1046875 0.54140625 0.05 0.04140625
0 0.1515625 0.5125 0.06796875 0.05546875
0 0.13046875 0.59140625 0.0796875 0.078125
0 0.09453125 0.6453125 0.075 0.1125
0 0.2 0.6046875 0.0796875 0.05
0 0.2125 0.5484375 0.0953125 0.07265625
0 0.2125 0.4765625 0.05703125 0.05390625
0 0.27265625 0.4640625 0.06953125 0.0921875
0 0.09375 0.7390625 0.0453125 0.03984375
0 0.0109375 0.77578125 0.021875 0.0390625
0 0.21875 0.66953125 0.06953125 0.0640625
0 0.2421875 0.721875 0.046875 0.06953125
0 0.25 0.7765625 0.03828125 0.05
0 0.259375 0.84921875 0.05390625 0.0625
0 0.284375 0.9265625 0.059375 0.05390625
0 0.22421875 0.940625 0.04140625 0.0453125
0 0.18984375 0.96015625 0.04375 0.0484375
0 0.0703125 0.98125 0.059375 0.0375
0 0.35390625 0.91484375 0.0453125 0.034375
0 0.4 0.8984375 0.0296875 0.04375
0 0.15 0.35078125 0.075 0.090625
0 0.196875 0.31015625 0.075 0.09921875
0 0.2546875 0.3296875 0.0921875 0.059375
0 0.28984375 0.28125 0.06953125 0.08359375
0 0.33671875 0.28359375 0.0453125 0.05
0 0.34140625 0.225 0.08515625 0.0640625
0 0.3171875 0.18203125 0.046875 0.0453125
0 0.4296875 0.2 0.0640625 0.059375
0 0.44609375 0.13125 0.06953125 0.109375
0 0.50234375 0.13046875 0.08828125 0.06953125
0 0.54609375 0.0921875 0.05 0.0453125
0 0.54765625 0.04609375 0.05390625 0.05390625
0 0.59453125 0.065625 0.078125 0.059375
0 0.5890625 0.02578125 0.05 0.0515625
0 0.640625 0.025 0.07265625 0.05
0 0.68125 0.1171875 0.109375 0.11640625
0 0.7953125 0.0890625 0.07265625 0.0640625
0 0.85390625 0.06328125 0.065625 0.0640625
0 0.81015625 0.0328125 0.075 0.05546875
0 0.84453125 0.0125 0.0609375 0.02421875
0 0.903125 0.0265625 0.075 0.053125
0 0.91328125 0.253125 0.04140625 0.0453125
0 0.98671875 0.2328125 0.02578125 0.034375
0 0.98125 0.41171875 0.0375 0.0453125
0 0.6421875 0.81953125 0.0453125 0.059375
0 0.621875 0.6125 0.04140625 0.04140625
0 0.31953125 0.42734375 0.09375 0.0765625
0 0.38125 0.3828125 0.08828125 0.075
0 0.47578125 0.3203125 0.09375 0.08125
0 0.53046875 0.2609375 0.0640625 0.05390625